Id	xCoord	yCoord	Types
0	640379.2977084899	239119.4602330504	work
1	639933.1761034644	246900.5367185299	work
2	640928.9914287167	227931.74455403493	work
3	641372.3140660928	226891.2537650441	work
4	640909.4661389535	259237.59884203758	work
5	641137.0144449935	241615.25722288326	leisure,work
6	641738.8392751765	266696.98368835106	work
7	641772.6656367108	229578.65912585918	work
8	641829.9274970283	244324.5396606688	work
9	641849.9525804607	267223.65595607774	work
10	641913.4246780379	219339.25546540017	shop,work
11	641683.3129817231	219029.66911771748	shop,work
12	641815.1508586727	224411.10048890434	work
13	642009.9387795996	245235.7995666695	work
14	642143.5983656711	219179.20192573467	work
15	642497.7470903499	229569.06578325285	shop,work
16	641950.7971429207	219033.26969951618	work
17	642109.2462628143	219406.02872934256	work
18	643462.591880441	247535.8941844799	work
19	643273.4668510127	249698.14319831677	work
20	643113.9789950291	261798.7264498312	work
21	643394.5187150355	250108.89412393307	work
22	643692.80325719	241550.31968069935	work
23	643574.6678529913	261850.5630554028	work
24	643900.8375256696	263739.79215051886	work
25	643824.6617256739	262164.643193003	shop,work
26	644178.5898333946	242765.09625251748	work
27	644060.6018717358	261849.71875063132	work
28	644883.1640450452	221578.78256381166	work
29	644951.2644040151	221742.29985201784	work
30	644467.1792797182	225602.43888185138	leisure,work
31	645243.4543095338	221179.3584774026	work
32	645323.819374261	248937.85608476974	work
33	645587.2144729247	249809.15772064027	work
34	645444.3970814616	252392.56525940108	work
35	645411.7543201862	265651.63364715694	work
36	645733.7559114834	233083.4697326017	shop,work
37	644955.3952240074	249195.63336435152	shop,work
38	645555.2463256356	248712.32395679754	leisure,work
39	646508.3948737007	210141.31745166957	work
40	645626.0115166684	246834.9923231215	work
41	645771.8443863523	249147.69751950583	shop,work
42	646261.1255506602	248938.41858688658	work
43	646044.946888269	248994.33695211675	shop,work
44	646311.1382938769	258110.82547415426	work
45	645877.9764626425	247698.6478450353	work
46	646834.0526637253	247874.09797343804	work
47	646140.7316609119	239281.41258891945	shop,work
48	646557.4486541422	239969.54852826826	education,work
49	646068.4972743064	249464.53546350638	education,work
50	645958.9892749208	252977.94698114213	work
51	646628.4888626887	249442.1321386577	work
52	646486.4091099921	248775.74971241507	work
53	646812.5944333196	249344.40711792774	work
54	646419.9549878573	241223.37928365712	work
55	646594.6072852938	248968.1006324695	work
56	646130.7236713283	257931.57338203667	work
57	646696.532177033	213513.77543561824	work
58	646507.9510219774	245094.52182369644	work
59	646774.924670385	202616.07374011565	work
60	646884.0983056179	267854.02618473524	shop,work
61	646825.4279272868	267663.2911689841	work
62	646775.2811189935	267979.594873574	work
63	647121.6477367254	208130.3234946903	work
64	647180.5482647353	208202.56658135378	work
65	646951.800956516	215789.1184995791	work
66	647290.1716408388	267758.59267670714	work
67	647410.193296201	249938.2244110032	work
68	647128.4410867713	204104.62837227696	leisure,work
69	647528.7693120356	204468.0398180327	work
70	647789.094006899	230583.00632549188	education,work
71	647219.672029041	249811.8022557915	work
72	647829.9722304371	249215.7624182779	leisure,work
73	647390.6040113281	249408.36214259357	work
74	647195.818968024	251764.72751132253	work
75	647963.6129162757	249067.87810450536	work
76	648266.6258261356	212451.47343977998	work
77	648393.0226897283	212946.72731439132	work
78	647923.8126311679	212430.31114115677	shop,work
79	648474.831193065	250060.55897629124	work
80	648625.8518343794	248991.80577867242	work
81	648375.9206455082	250717.4848402193	work
82	648708.0402360966	247669.54702940286	work
83	648768.495253628	247275.5731771028	shop,work
84	648721.877950961	249584.81385293722	work
85	648983.029635126	260868.61436190907	work
86	648899.4490081687	229747.6439237736	work
87	649224.7935654992	211848.09094574404	work
88	649992.1694991277	245412.3184151912	shop,work
89	650305.8461931188	224284.82864044822	work
90	650503.7739258127	240187.49089356957	shop,work
91	650533.3359925847	245274.09722957085	work
92	650462.9604077125	244802.18483103046	work
93	650644.2795955727	225889.05360455252	work
94	651189.7922190477	224902.58828707956	work
95	651263.6412048403	214969.91631846465	work
96	651555.4690462758	215199.05357415968	education,work
97	651493.8761435616	224535.53765052027	work
98	651833.7563119137	258964.91655398908	work
99	651848.5933781884	248997.16339980866	work
100	651865.3782964648	249537.9656652964	work
101	652202.201855798	250703.5401920387	shop,work
102	652139.2941011925	258217.36736244062	education,work
103	652365.011264172	214754.6942008588	shop,work
104	652780.3265292677	221435.02772244264	work
105	652970.8287414482	230019.7339879162	leisure,work
106	652934.0498990603	251688.1075651462	work
107	652949.3686336664	236843.08124442105	work
108	653556.2749152464	270552.36856272497	work
109	653293.9540622606	248073.28778748133	work
110	652932.0111586896	254170.20870901772	work
111	653900.2333149682	238080.30870895737	work
112	653839.3813640603	237955.92567911334	work
113	653732.8879379515	258951.14519583475	work
114	654667.2505480162	230199.38014500964	work
115	655214.0065411049	240887.5051037266	work
116	655661.8147322087	251110.3631495808	work
117	654182.1275394125	248904.7475095687	work
118	655010.1432899529	254999.3223914447	work
119	655287.7081097019	248636.81885822155	work
120	654635.7311099947	249314.62832437028	work
121	655180.4519211577	250494.64636942922	work
122	655874.5907514183	222297.00705971342	work
123	655407.4612982932	250221.77068309725	work
124	655853.1298768317	242109.52792370052	work
125	655245.8494975844	242007.22990697497	work
126	656087.8202292429	248191.26441881747	leisure,work
127	655899.9598141605	235247.54646937907	work
128	656625.1243044466	232039.7341309206	work
129	655745.4043016357	233884.94957430148	work
130	656836.3925125721	233756.54492902494	shop,work
131	656378.7438395147	233273.1997493773	leisure,work
132	656504.8992004853	233905.94307422487	work
133	656723.9673693898	258162.05340267794	work
134	656238.3296597314	262638.9534981069	work
135	656598.6076362523	234551.48396655338	work
136	655762.9687935067	247621.8766522528	work
137	657135.9355744199	233487.93994034652	education,work
138	656506.2989492837	228697.52485816542	work
139	657856.0385378659	220947.82819555176	work
140	657350.4619444766	220845.19759161555	work
141	657214.7422164883	237726.9834126573	work
142	657007.9463003435	254038.86454344503	work
143	657638.727495259	258890.03912902295	work
144	657021.2467358868	211035.71072329106	work
145	657523.1598519209	259526.73363565974	work
146	658187.451876234	259131.1872803337	work
147	658301.1402141765	259553.48872611887	leisure,work
148	658088.1256419776	258985.02005201663	shop,work
149	657893.0436080483	259676.49518780617	shop,work
150	657937.2737477788	259344.88686459037	shop,work
151	657892.9032047646	241486.93080614074	work
152	657906.7978172075	250184.68420287524	work
153	658173.5907218829	254536.65516736635	work
154	658076.5563512908	255471.60378677747	work
155	657944.0153337424	258946.96109835146	work
156	658002.5296320551	259993.76257514913	work
157	657398.3475200152	263249.94140817143	leisure,work
158	657546.3077038449	246944.95148613452	work
159	658092.5775325145	254254.9869402596	work
160	658160.0548497854	252103.84501283927	work
161	658638.5625757608	270039.13770251366	work
162	658827.829124368	260526.46828367776	work
163	659515.9558963376	259078.21360662705	work
164	659041.583464672	261282.16443001083	work
165	659809.0042819123	238878.05773656582	work
166	660188.0248950107	269239.41568853677	work
167	660053.6755198996	247889.45880266663	work
168	660195.5974399595	269268.9345762407	work
169	660909.0070163668	210936.4506551748	work
170	660900.2968230015	244540.17901229046	leisure,work
171	661060.5843065309	263438.53460133943	work
172	660965.8250035589	238153.9897111516	work
173	661797.9929769458	259445.78411337812	work
174	661403.4918195035	238929.41070205753	work
175	661615.9323212365	209157.21094862494	work
176	661272.6627961715	267527.723699065	work
177	661286.2899369916	244432.6564373108	work
178	661151.2073253175	269531.5853591821	work
179	661427.9581174186	262673.234335355	work
180	662165.053645554	244321.34695209784	work
181	661655.074036542	249279.3563816991	work
182	662256.2064689363	230030.7210403532	work
183	661850.214129936	230591.73961175894	work
184	662159.4166941469	245295.6796366579	work
185	662040.4198644479	215970.7914801138	work
186	662263.3510922919	246030.75075827583	work
187	662191.7239119592	213689.05427699766	work
188	662967.8683274236	211205.35741059526	work
189	662711.1076847903	244306.8052510436	work
190	662982.9641330662	251233.55531835117	shop,work
191	662695.4975453645	244538.24891897006	work
192	662749.6432378361	252687.16818913352	shop,work
193	662786.6626967929	245147.70454403647	shop,work
194	662892.5252873622	244999.1364631815	work
195	662983.7599051375	251686.69557260515	work
196	663935.9606241751	245119.92395234294	work
197	663296.4861798701	214610.99737755329	leisure,work
198	663218.5999345315	214897.86119089427	shop,work
199	663328.7636661173	209285.5208828321	work
200	662780.115010791	256264.2055931913	work
201	662907.3000512331	257072.71722519977	work
202	663716.1193082229	212653.0136690867	work
203	663531.1970041629	216515.1147705842	work
204	662960.2908089957	214662.5529644086	leisure,work
205	663519.71311521	245380.36027786424	work
206	663442.4001607148	250845.1843918939	work
207	663509.0493046357	211458.72967310235	work
208	664390.3387021242	200630.00283127313	work
209	664309.522301997	215114.2535423436	work
210	663738.9276868162	213671.63239729594	work
211	664083.0889877215	213201.51751113133	work
212	664049.010168417	253503.69946732145	work
213	663902.6082036755	270489.1411495085	work
214	664189.6420895442	212938.99458445024	work
215	664161.7178516437	213125.61876458945	work
216	664645.8708494888	210406.41886265177	work
217	664107.7273930531	214989.90588522007	leisure,work
218	664359.0711283738	256559.45313986338	work
219	664343.7539581012	258553.4822938763	work
220	664291.9805752994	259953.90244958247	work
221	664299.233712885	270877.6238125075	leisure,work
222	664676.4196316036	270948.91531325266	work
223	664667.4015808393	270892.5609373871	work
224	664344.1075368609	214013.01647089157	work
225	664081.1586516865	214151.56776175092	shop,work
226	663580.0932979011	214007.83487227006	work
227	663918.1562627363	225478.06233697984	work
228	663992.8287531341	232344.90860873493	work
229	664371.5206605294	260318.53859008054	shop,work
230	664735.2572559845	260290.2388249493	shop,work
231	664522.0313811738	225027.30146295324	work
232	665026.8002117265	249163.35437961246	work
233	664763.4706768623	254862.30926407533	work
234	664575.7076805629	227038.95020229594	work
235	665227.449630726	208454.62838274287	education,work
236	664652.2928473126	210094.79103520067	work
237	664965.3538021953	223810.28106817196	work
238	664106.776185083	209194.1506262638	shop,work
239	664739.6919343265	209472.5294117498	work
240	665378.7877022017	258019.42102779538	shop,work
241	665575.3315907563	208780.53770046355	shop,work
242	665167.8186559583	253362.4081892532	work
243	664939.8515492838	253485.16180488328	work
244	664983.9185504101	257397.4780984187	education,work
245	665391.7801808353	210211.55488336884	work
246	665178.6371054546	211223.3846468308	work
247	665295.7052771309	242986.79944105152	work
248	664752.3029499344	253836.8188349082	work
249	665514.2853157655	257861.77616639028	shop,work
250	665421.0434242152	258332.53052085434	leisure,work
251	665534.3610302652	211007.0399657848	shop,work
252	665416.9499555182	214959.91443906812	shop,work
253	665230.7770380438	220157.18771006473	work
254	665466.4497819974	258717.40262624295	work
255	665427.6438627125	210846.26521664366	education,work
256	665684.5356376813	214405.67133954386	shop,work
257	665624.8354845428	253226.72823640236	work
258	665532.0776424533	258800.20441530197	shop,work
259	665574.6616588697	258216.27129773996	leisure,work
260	665141.9432724713	211054.67657697914	work
261	665461.1147733566	247128.23405559055	work
262	666158.0599845249	247241.00284092783	shop,work
263	665648.9378161761	258149.66278745135	work
264	665687.2862877226	210996.81592748794	work
265	665782.0813117761	211101.04363468842	work
266	665835.5593233318	211037.39719510815	work
267	665779.2031209609	211436.0170754081	work
268	665693.3454862373	256454.732833588	work
269	665587.1260903915	210919.47575899118	work
270	665092.759224566	211466.09472731358	leisure,work
271	665909.0328273549	211871.98737586147	work
272	665833.0853968203	257743.9264700153	work
273	665366.1402350534	258351.88076509867	work
274	666137.629912277	258988.34335183844	work
275	666185.6982206284	207854.19118510734	work
276	665794.6256103135	210972.0365749557	work
277	665957.3822994302	211519.72025182768	shop,work
278	666015.2995736466	210941.05782265696	work
279	665922.0597314256	211911.39419401283	shop,work
280	665613.2303511578	258401.8493445442	work
281	666031.0162810928	212549.18221077265	leisure,work
282	666216.8184439208	211454.55601557164	leisure,work
283	665366.9835227695	211337.4227962675	shop,work
284	666075.6096290317	211611.34123537596	work
285	666070.4722449086	212525.64758620248	work
286	666067.5997481109	211144.71420622492	shop,work
287	666226.6798514203	211558.00338480566	work
288	665913.3148045884	212427.77333935496	work
289	666730.9862033157	256491.22405103268	education,work
290	666280.602203757	257732.33355225855	shop,work
291	666229.7503189533	208392.97640417967	work
292	666365.0824132075	212706.45481715485	work
293	666554.6626244744	252306.44546580638	work
294	666175.2416378093	210816.81365208147	work
295	666345.4856896668	257597.8899670487	education,work
296	666481.0109103088	204217.54370830476	work
297	666920.2539358187	204810.7999682398	shop,work
298	666173.388025229	210442.95869999478	work
299	666449.8153554401	212014.3669083327	work
300	666479.3901482511	212260.57346421786	work
301	666165.049082647	213224.22060071648	work
302	666439.6631314639	238945.62768400213	work
303	666041.4868233831	258069.10378075432	work
304	666426.8111366142	211587.2774802219	work
305	666641.2950247505	212226.2205944654	work
306	666209.0658488097	226122.69210236424	work
307	666758.3967221983	210113.11245839638	education,work
308	666714.846504272	257907.38065263437	shop,work
309	667511.0924898192	221273.82336384454	work
310	666793.2328986819	257587.42627084485	work
311	667696.8959551185	213392.79001239085	work
312	667252.9482377412	256145.87875661385	work
313	667662.6137799245	245043.3900185141	work
314	667436.4575344599	255260.31647430823	work
315	667210.0296571656	214225.68275429716	work
316	667572.1876494662	236834.34442018616	work
317	667870.2322127525	209994.324631078	work
318	667828.2391313146	236163.80121597656	work
319	668026.1877472006	210368.48925881067	work
320	668191.3537012575	235817.94684779397	work
321	668646.5914218776	236030.69193017072	work
322	668111.3928723687	261857.93165177753	work
323	668224.2090437108	236819.11371474143	leisure,work
324	668226.7129632372	242168.2728918164	work
325	668221.6214390971	244094.22990797524	work
326	667928.5725881719	203039.4866037827	shop,work
327	668548.5605490454	211009.98580653424	work
328	668224.9055767367	236359.65987908715	shop,work
329	668754.0261949995	245167.39587985683	shop,work
330	668661.5027098979	245164.6147462915	education,work
331	668882.1527112585	202814.40296044765	shop,work
332	668180.3244151052	213735.6968071989	work
333	668587.0040569782	214870.11597576464	shop,work
334	668461.4018250116	215223.6301083499	education,work
335	668642.3997457974	202935.79066337008	work
336	668552.9489090142	211854.08589409906	education,work
337	668183.2831272702	215294.31157131985	shop,work
338	668725.5260432091	215882.86492569384	work
339	668509.7804745166	244747.83464916385	shop,work
340	668795.0569764724	201039.8415811296	work
341	669156.8373388267	235225.93224898502	work
342	669071.745243556	243621.59480756518	work
343	668651.6625621493	263968.29104157304	work
344	669377.3446071866	212532.78710801495	work
345	669549.5927357093	216723.22592020148	work
346	669584.0343358883	246439.2724015471	work
347	669576.1294439641	255151.25220689471	work
348	669491.4963108288	255110.32912647937	work
349	669489.0326688759	254776.34426309142	work
350	669646.6685193263	240013.5454813637	work
351	669009.9632607247	201790.83743071023	work
352	669670.731019479	211810.6887984394	work
353	670381.1644258763	254975.9234401015	shop,work
354	669846.8763100752	245978.805650547	work
355	669861.3777095668	252279.14035923267	work
356	669703.1824095927	255074.12279028352	work
357	668992.8862658791	254622.63737170654	education,work
358	669798.1368386565	216405.55465230858	work
359	670128.9119194958	252907.14691519443	shop,work
360	670418.6042442322	252802.76268489548	work
361	670295.5049020534	253107.36487043	leisure,work
362	669995.3566669503	253465.8688320311	leisure,work
363	670142.0651264526	216185.86418251877	shop,work
364	670258.6280825501	213524.62851295777	work
365	670431.0323011084	252306.17114171665	leisure,work
366	670522.6140670513	200986.33856473505	work
367	670626.9917086342	201080.11696692227	shop,work
368	670568.07507521	201835.82869673247	work
369	670624.0517996877	201189.60656916062	work
370	670540.2048010967	201731.92399366738	work
371	670313.7286213085	210824.87455253516	work
372	670483.1796135178	261941.90080225567	work
373	670632.0070609121	201498.65646335922	work
374	670403.4783140259	234634.9550543753	work
375	670790.6910391886	235002.084673337	work
376	671322.9859920111	235177.777485138	work
377	671165.6009478904	210944.82238743626	work
378	670990.5985615369	244347.70593308567	work
379	670869.4128207722	211034.85714422297	work
380	670774.5087970861	243035.89970132316	work
381	671202.4766888351	247459.0691332212	work
382	671625.672769697	240730.1170103424	work
383	671746.4774398125	257445.3056326302	work
384	671957.2099198512	249936.41815175628	work
385	671881.5251152508	250380.49334466556	shop,work
386	671593.2341811581	202035.33360823404	work
387	672152.87830455	232355.72708844344	work
388	672789.9175608803	239855.18040100907	work
389	672162.7914077543	251871.87451675365	shop,work
390	672136.1132443266	251217.77160868756	work
391	671969.3135501398	252051.97619637547	shop,work
392	672135.0072270513	248161.19931191258	work
393	672268.6638412501	252598.888053158	work
394	672725.6856038132	256626.52276209174	work
395	673007.177521257	250334.63194415835	work
396	672101.0177136462	250830.18455372186	shop,work
397	672175.1128976395	224700.5003296852	work
398	672907.4052845656	250380.62359316822	work
399	672596.2241613016	253078.32553471785	education,work
400	673554.1431421869	251341.47652188822	work
401	672732.523639551	219630.70626943212	work
402	672981.0087059342	236741.6128979029	work
403	673622.7212251807	215890.8989760235	work
404	673206.1603248382	216461.11838082987	work
405	673362.2093366263	220663.14381186903	work
406	673536.9540500437	252739.46068625856	work
407	673792.0253116	213369.6692088637	work
408	673860.4404004081	262124.49354358105	work
409	674580.4997059746	249021.50065160694	work
410	673433.4628910596	251129.76851365622	work
411	674514.0628254948	252682.86151505454	work
412	674134.6870704934	250003.48973277665	work
413	673965.9706165175	249613.16398503337	work
414	673981.044513961	241450.2841506365	shop,work
415	673825.2399577509	249786.26624192775	work
416	674117.2571635357	204289.56581449276	leisure,work
417	674220.8649528755	247748.3188593332	work
418	673697.5184690122	248242.0338620985	education,work
419	674431.4982122814	248589.50752332906	leisure,work
420	674384.4957015323	204046.77261470305	work
421	674711.9118916697	247461.61343542679	shop,work
422	674508.5754276132	209649.44252720405	education,work
423	674999.708658554	246499.09476390775	work
424	675020.3452315927	248226.19542294776	leisure,work
425	674620.7755036333	249794.32259946215	work
426	674720.7838595305	209626.7261843569	work
427	674678.4543326639	222346.23350458534	work
428	675225.0098114668	259491.78187439436	work
429	675768.1279541982	246074.4856697861	work
430	675940.580343693	229269.8963751952	work
431	675334.1861261543	256636.39595683236	work
432	675892.7288569461	256072.68341251215	work
433	675135.2339093146	259326.75571807745	work
434	675283.9246069759	215220.85808324866	work
435	675343.7809375464	221630.6786398453	work
436	674947.7958630298	223839.5120928962	work
437	674741.663027885	250458.35134290165	shop,work
438	675576.0501071002	250527.3221209577	education,work
439	675679.1704111057	223825.12585189877	work
440	675814.7906758604	209960.82972003586	education,work
441	675196.2991169357	222367.98385913775	work
442	675486.6348041649	250813.5114384932	shop,work
443	676168.1332750715	261134.93755487466	work
444	676368.615770506	224118.29303424127	work
445	675865.1728090794	215250.30259167103	work
446	676187.4844316237	215398.98039091946	work
447	675304.8595881828	215583.43838737218	work
448	675672.0563836029	260676.5745029421	education,work
449	676117.2035108507	210216.7022845969	work
450	676184.2649550035	214759.83624916672	shop,work
451	676144.113055191	236637.44912515354	work
452	676007.3399981331	260791.37985987298	work
453	676320.7485314485	219779.18976362413	work
454	676097.9968691955	250535.25913673927	work
455	676222.6170462238	251958.1719585945	work
456	676095.3937673784	259912.43229280255	shop,work
457	675699.2894085799	260322.98355256696	work
458	676637.2584531218	227588.29942657828	work
459	676339.1381902075	236462.98802662644	work
460	676590.9288367433	250317.712746657	work
461	676443.2850774559	224780.18130483836	work
462	676544.4020123495	237103.61343428135	education,work
463	676489.4372005564	246102.83427227204	work
464	676434.9020199792	250707.50109709278	work
465	676733.3213974544	251855.42962315172	work
466	676327.2915566787	217691.4740009624	work
467	677144.825731568	225525.44268249042	work
468	676665.1899721773	239307.97040142748	work
469	676787.1854766251	258966.78825666587	work
470	676514.2326817252	216859.1357424953	work
471	676867.8669056749	250544.0175919893	work
472	677151.5997717314	250726.81623780148	work
473	676783.806384541	255205.64792158123	work
474	677397.7298782449	280934.4105165507	work
475	676826.6898314256	281494.6514956216	work
476	676987.6341166814	225833.16167432038	work
477	676854.5817253067	251279.15573930912	work
478	677295.3679869085	253465.8620133412	work
479	677378.3808325367	255565.10115391604	work
480	676849.1617896236	226089.25219698195	shop,work
481	677064.4148581899	249620.86015782593	work
482	677093.3688131061	254662.12729680564	work
483	677604.1077415426	254811.17256259808	work
484	676718.8843704171	251373.33758249448	work
485	677642.8970430042	253424.59165635175	shop,work
486	677000.5175828288	226349.26226940996	work
487	677367.2524598937	233528.81148414552	work
488	678000.9449536374	243763.1583223967	education,work
489	677748.4613310944	226687.73612518507	work
490	678795.2763029517	241020.49942997147	work
491	678265.8630756759	289852.4235257008	work
492	678369.257602839	254019.38679665007	work
493	678766.5429538453	248849.09958151905	work
494	678273.6678884382	262553.1931789385	shop,work
495	678692.3662558334	227162.0054242265	work
496	678003.249048005	227091.75602816528	work
497	678290.7326025538	248458.41089582365	leisure,work
498	677985.0625102555	201452.27913990838	work
499	678359.321439875	227306.64940530827	work
500	678421.1238368853	249526.95064342333	work
501	678588.5806624487	227314.24565850143	shop,work
502	678359.4941774136	227470.52382237127	work
503	679418.4882586721	243205.62187934978	work
504	678628.1324726286	251739.24232016905	work
505	678638.8622117444	268664.5801687871	shop,work
506	678369.758735445	226795.47701970316	education,work
507	678919.0084181502	253672.18647716453	work
508	679490.9783376491	202517.5768909485	shop,work
509	679071.4736516007	248576.52249975936	work
510	678931.9595160582	249944.70129443266	work
511	678959.5565004214	227787.95396261723	work
512	678807.0410170441	248476.40913547602	work
513	678353.238241982	249771.2441702705	work
514	678302.7836459669	249381.30628802994	work
515	679011.0142424043	249149.65940740774	work
516	679077.0374671798	227026.07898758576	work
517	679542.7911229007	249265.8510475189	work
518	679445.1860987002	247853.6045935313	work
519	679588.2188461865	227599.1824617209	work
520	679908.7310242282	227451.42351629277	shop,work
521	679601.4489574913	228208.9907409236	leisure,work
522	679090.5696381022	244458.33652325504	work
523	679256.8414991607	249519.31642192384	work
524	679304.6901834575	210271.3072488146	leisure,work
525	679462.1323507468	226764.9736510461	work
526	679668.4135741045	248029.78501159776	work
527	678952.3575266355	261711.53011590993	work
528	679338.4916025222	248453.95050267098	work
529	679570.0587134511	249420.2359592193	work
530	679616.0099714885	248787.27209459918	work
531	678977.1343535515	282383.85550325847	work
532	679655.9452232617	248963.92980907674	education,work
533	679611.8274804058	249319.90002653186	work
534	679859.8843871078	251307.98409596583	work
535	679265.8355279265	247203.7244607547	work
536	679378.9516287532	249452.34140373042	work
537	679776.9927394652	204805.2750611827	leisure,work
538	679886.5569995088	235890.33854721615	work
539	679862.999820202	250643.38379703867	work
540	680148.4511563767	232069.72637032697	shop,work
541	680072.473912969	247378.7634161086	work
542	679647.3065794836	268429.0848675905	work
543	680592.5365847028	248020.94477339165	work
544	680641.5991793503	267700.5252652908	work
545	680174.3551362559	282611.3959375108	work
546	679851.7509877895	260542.83810549983	work
547	680828.4824197391	246929.33514843826	work
548	680540.9988824138	262606.43663980335	education,work
549	679996.5148294626	246315.48446006962	work
550	680412.9722416898	272875.3721619556	leisure,work
551	681226.6837324376	258911.8282293453	work
552	680986.3059652908	248260.32271507333	work
553	680533.9235376512	246635.46990542047	work
554	680431.8052044456	247157.64001154082	work
555	681004.7557410558	218876.8967089042	leisure,work
556	680678.1405014464	242410.05992446383	work
557	680127.0894000495	246304.3885622394	work
558	680353.1390663877	249491.5635581895	work
559	681442.9320754817	249485.30246619135	work
560	681045.0385992358	246452.26089803028	work
561	681467.0389215874	246407.2297090682	leisure,work
562	681516.9467461555	246680.09106868214	work
563	680970.7463494473	247570.14932278587	leisure,work
564	681928.5742859847	247823.1046552999	work
565	680950.5869851065	248529.76079454395	work
566	681301.3552446464	249083.56140493642	work
567	680944.3969404754	242429.83449423476	work
568	681333.4032630582	246868.2896164574	work
569	680704.2414852771	247465.88495775042	work
570	681422.3975777089	248229.3909960945	work
571	680570.2810228602	249070.02969915722	shop,work
572	681741.6935861806	240962.1892154105	work
573	681336.9192154389	246924.50909769916	work
574	681243.149427519	247672.34753365788	leisure,work
575	681232.5068850424	247935.0516903114	work
576	681331.6945768718	249245.77311886993	work
577	681617.7138084935	252681.58439949524	education,work
578	680689.1646896307	262766.7822254118	work
579	682153.6854254272	247219.99715864594	leisure,work
580	681671.3915926958	246898.63676497794	work
581	681897.9889505432	248389.36427806574	shop,work
582	681592.3424426077	247680.4160201119	shop,work
583	681388.2071054118	247959.49741898273	work
584	681867.2467423439	249529.32671474543	leisure,work
585	681329.7818458824	262939.7456090757	work
586	681571.6852515767	213289.4024694805	work
587	681414.1385131261	213155.18557481014	work
588	681388.0609381425	224944.62439118512	work
589	681642.8951226084	257053.12178534677	work
590	681614.9411631491	217525.32494615822	work
591	680716.8044392734	225041.50243796548	work
592	681034.744873578	225541.5411569666	work
593	681967.2928209861	227598.12164582746	work
594	681526.2251304886	245486.30718613835	shop,work
595	682105.4263526358	246570.57847661595	work
596	681530.9496059334	246927.31587778748	work
597	681629.0056396448	250262.26222045062	work
598	681470.7198155569	249752.19985246213	work
599	681266.1904751216	270098.65780389664	work
600	681750.1176336701	224022.21692663984	leisure,work
601	682164.8845688803	225036.40893306985	work
602	681850.4958425813	224113.55122871694	work
603	681549.3616430948	224524.11889631228	work
604	681125.441924761	225110.07325416693	work
605	681289.7797772645	225275.36601009918	work
606	681562.2839917	224751.14622946453	work
607	681678.5683089793	224514.56332385607	work
608	681966.2286945413	224604.9727932639	work
609	681473.5404474529	247475.59820626467	leisure,work
610	681082.6495211745	247148.1482350429	work
611	682100.7115671725	247457.6326378398	leisure,work
612	681558.1660423544	248226.97396816348	work
613	681332.477471344	251548.18229394566	work
614	681977.724465261	223261.75516987278	work
615	681531.5392974679	223099.6607312263	work
616	682030.9457281434	224381.03928657898	shop,work
617	682009.7410053855	225509.2496557431	work
618	681756.3596787816	225302.74844034304	shop,work
619	682265.6147390674	225497.28156264688	work
620	681903.4285873562	226238.2024951311	work
621	681401.0998654737	225689.2897633401	work
622	681785.5976230988	248447.419342448	work
623	681792.4576751165	259373.88402250907	work
624	681790.0474480866	224864.16086157088	work
625	681862.9310695592	225850.27412587145	work
626	681244.0122234633	225880.61985652125	work
627	681364.6144560335	226472.13199748	shop,work
628	681746.6865464094	226241.66513365932	work
629	682729.9595914888	247605.34840564776	work
630	681759.0115354379	247806.43352616945	work
631	681992.6307393461	247621.1932338986	shop,work
632	681607.7666199671	249642.73102579635	work
633	681676.9842534253	250708.347296788	work
634	682516.0354791704	225387.22782040993	work
635	681981.3562959163	246865.9488925241	work
636	681824.9426967968	246943.7416823922	work
637	682441.507097037	247220.052235656	work
638	681373.0639679775	247461.08466045043	work
639	681842.8741955224	248204.1457086646	work
640	682435.3004219746	248467.42530338175	leisure,work
641	682367.8681273465	249048.5779164345	work
642	681911.3986609412	249167.91334806205	work
643	682023.7894560344	226074.69586820723	work
644	681861.6205730861	247910.61618318257	work
645	682088.0084189061	247776.3131951621	work
646	681284.2781070458	247994.20826006867	work
647	682395.953166667	251407.57727960162	shop,work
648	681813.5250284598	227414.63598366437	work
649	681502.8430717374	245725.00248422247	work
650	682118.1250501246	245749.34507924225	work
651	682041.6015870145	248188.55115795182	shop,work
652	681243.1646211213	248162.04502073087	work
653	682078.6454579928	248561.30562417227	shop,work
654	681634.8401193172	225352.29074376306	work
655	682066.9329874673	225225.11191795222	work
656	682817.794485041	244618.27047129595	work
657	682046.8341164002	247302.31734712774	work
658	682066.1825561549	247993.13296377182	work
659	682162.1013299702	249021.47065743298	leisure,work
660	682615.3791581308	274101.38045427867	work
661	682722.3618725934	227379.15962999532	work
662	682353.013278685	227943.06596844087	work
663	683226.8752193208	227709.31577095267	work
664	682305.3973950568	227898.19557455953	work
665	681953.5624298607	246928.17125756657	work
666	683080.2845637996	247499.176330202	work
667	682242.8465242776	247670.85779972258	shop,work
668	682082.0651887937	248989.35498927944	work
669	682276.7336043678	256470.46904139232	shop,work
670	682406.0090163591	213139.50289915275	work
671	682424.1541832093	212520.80836237772	shop,work
672	682981.6925531564	244542.31004658513	work
673	683102.3966376064	244002.45636240815	work
674	682073.7348111252	248737.7663976104	work
675	682320.8302149345	252216.38263364896	work
676	682646.0400604233	241160.332188528	work
677	682031.2604872525	246032.2949490368	work
678	682698.1741178408	245840.2715255177	shop,work
679	682805.9288617126	247156.40251351098	work
680	682991.5811519568	247797.39326968868	work
681	682493.222191209	248602.34453181413	work
682	682931.6955543996	255109.7247415003	work
683	682383.6602521664	227655.63128678314	work
684	682511.7808220593	246771.92854198438	work
685	682900.5983159572	246762.7621327404	work
686	682658.4379421064	246741.7952220462	work
687	681831.3679195002	246994.004730295	work
688	682428.599441558	247433.22685033144	work
689	682757.5199135521	247286.8702551939	work
690	682877.7949771293	247521.068980518	work
691	682666.2810387308	248789.50432049506	work
692	682160.197388988	249972.30076269447	leisure,work
693	682782.9542793783	205334.3260139233	work
694	682553.8909084393	244066.61558760464	education,work
695	683152.2236607531	246655.43295372868	work
696	683618.4293054194	247493.4521214703	work
697	682422.039060867	246993.34096303736	work
698	682626.4329074678	247241.56330917016	work
699	683107.0917701809	248050.13103917195	work
700	682651.3898781192	247738.1960670045	work
701	682530.7584118051	247023.69298921496	work
702	682730.0397328977	250545.12305548723	work
703	682705.8051363296	255350.27890566547	work
704	682777.2569105035	225957.93915302565	work
705	682885.8706237299	227805.83622683064	work
706	682844.6631247335	246537.85954853933	work
707	682860.1810122863	246299.98512171654	work
708	682906.5098737052	246818.90485909238	work
709	682870.2534634708	247980.33810110588	work
710	682795.246571455	247079.4049092435	work
711	682741.1341463878	247638.87985880513	work
712	682935.0485631623	248779.58582091893	shop,work
713	683180.5845271744	264353.94575269485	work
714	682912.305671673	226787.70132228485	work
715	682933.2593935168	226937.3554451722	work
716	683047.6138198738	246555.8055982613	work
717	682687.2886557645	247073.3226869684	work
718	683392.0168897335	247730.5180028575	work
719	683082.7838974594	246837.4126682425	shop,work
720	682874.6201853943	247534.2899542412	work
721	683023.6432897589	253645.41365148395	work
722	683159.9706320703	263895.9336623427	shop,work
723	682962.1162684063	227268.7692094631	work
724	683109.8200024349	247076.17275529774	work
725	683207.7570170854	246667.56357836572	work
726	683119.1769161315	247038.50484072685	shop,work
727	683462.6291822314	247986.19870018974	work
728	682998.9234960795	248270.9221899807	shop,work
729	683077.2144809265	249251.81887657085	work
730	683156.6044314951	252415.19290705823	work
731	682826.94827322	264140.9981316885	shop,work
732	683515.9915281462	263306.06200740306	work
733	683204.1446496423	263278.7380324054	work
734	682447.2641234065	263413.6779271928	work
735	682998.8141285944	264447.7248852798	shop,work
736	683106.4749050183	264122.63133033435	work
737	683111.7751333627	264898.823225982	work
738	682964.478261491	247487.84593313537	shop,work
739	682848.8128537462	250183.23120277468	work
740	683763.8349350704	252805.6797872929	leisure,work
741	683439.2383290862	263545.8376489032	work
742	683484.5020488052	237098.29851956427	work
743	683248.2598401869	241467.76814170304	leisure,work
744	682886.7842020892	246487.52104128458	work
745	683697.6550645608	247268.53683125725	shop,work
746	683245.5269649803	247358.46850351282	shop,work
747	682702.7650079741	247616.95175351982	work
748	683384.4537779444	249458.88961445374	work
749	683025.3625412576	249889.63244638857	leisure,work
750	682947.0602559261	252425.9066728315	work
751	684219.8046014294	238315.3019927166	work
752	683348.0129213339	248575.07642994376	leisure,work
753	682981.5110945686	248747.79230783097	work
754	683340.495671195	251666.01341604764	shop,work
755	682921.5029490681	251689.246703841	education,work
756	683007.7171919462	242971.12257591359	work
757	684053.8058170629	246718.638097756	work
758	682902.7777972912	247720.6634636971	work
759	683444.0886081718	247064.5850323528	work
760	684067.7968395036	247240.8824938713	work
761	683106.6507844223	247615.47003259786	work
762	683374.749714007	247767.26459516602	shop,work
763	683154.5821295133	248296.00166319727	work
764	683198.8526255806	248185.70450492032	work
765	683134.1498588847	248440.5724652144	work
766	682747.3380935548	251836.2559007935	shop,work
767	683623.8998412744	250957.17995390148	leisure,work
768	683418.9562870122	251015.30846650116	work
769	683423.6935651449	252001.33879872263	work
770	683382.8923523523	264958.6501734713	work
771	682985.1741660996	239802.50869114223	work
772	683961.1594277497	248119.96323226904	work
773	684183.9337118168	247980.1358579286	work
774	683228.9614582607	247796.70803212185	leisure,work
775	683118.819413539	247883.5878975152	work
776	683904.3933071357	248369.95367878908	work
777	682976.53949595	247854.21855286098	work
778	683781.8930899265	248847.72416101684	work
779	683703.2188680741	251801.43978729905	work
780	683463.8806722828	260545.07817072354	work
781	683740.3938130641	263501.586368123	education,work
782	683389.0984994803	237035.38651968096	work
783	682982.622208892	237902.7395581833	work
784	683909.8174913945	238671.4734342249	work
785	684263.7572958142	242326.50770622247	leisure,work
786	683374.3795450475	242479.3449875889	work
787	683441.347662955	246894.57254010005	work
788	683760.7514323232	247458.1367149055	leisure,work
789	683478.361253365	247742.0873391009	education,work
790	683503.3382041132	248577.78019381833	work
791	683466.3085149226	251261.2871742131	work
792	683247.9784676007	252261.33120577314	work
793	683647.169986495	252380.3579314058	work
794	683586.6004372949	246434.66199195472	work
795	683458.8135019637	246384.9050281646	leisure,work
796	683785.3974701337	247781.4307119863	work
797	683153.9216874861	247755.3381917371	work
798	683574.3674114757	249100.86667388497	work
799	683729.0738046899	249179.84596350632	work
800	683508.4911398895	252601.99280915782	work
801	683787.489562324	241066.81446754516	shop,work
802	683876.1500425042	246041.16444162026	work
803	683966.7922072753	247420.62843238667	shop,work
804	683808.3876223274	247028.26654584226	work
805	684023.8918657171	247014.14044010817	work
806	683959.1194902243	252934.21730699003	work
807	683452.9519092877	211854.92898747267	work
808	683851.3822311756	231347.89237783875	work
809	683808.0187373873	238188.1907612517	work
810	684649.1149733143	242565.9736701909	work
811	684228.2155391164	246566.6386638739	work
812	683985.6311571115	247536.45527735373	work
813	683456.9135329645	250127.19602570546	work
814	684037.7808492143	250736.2675272713	education,work
815	683981.8182588916	245353.278455313	work
816	684057.4667444319	245956.2460621795	work
817	684083.5218701485	246631.43486015353	work
818	684321.7523862392	246145.1902274238	work
819	683754.3002398921	246225.1254138787	work
820	683876.3764709405	246827.65388829613	work
821	683647.0922996155	245881.929737981	work
822	683578.3572033659	248615.4640519201	work
823	683959.448302446	246169.95744291952	work
824	683559.1400257357	246353.87659051947	shop,work
825	684152.8370419728	246333.64228648512	shop,work
826	683810.5558188278	246261.66704669205	work
827	684207.3552736664	245748.5944479686	education,work
828	684172.6096842224	246393.47819225205	work
829	684348.2647685269	251422.26433856325	education,work
830	684242.6439549183	211416.40443811077	work
831	684400.5056869088	241610.62053914194	work
832	684440.5487290623	245211.39952929714	work
833	685016.0946474721	246112.07862059597	leisure,work
834	683992.3819887071	246669.62948980715	work
835	684279.4200586432	246100.4071251773	work
836	684082.2418497647	246408.12101108703	work
837	683951.3527098637	247130.2524694112	work
838	684286.160661545	247971.19317601016	work
839	683792.2423507067	252581.02926672486	work
840	684474.2517279265	252416.04795478226	work
841	684720.3410210883	252799.29279471858	work
842	684304.1927390154	253731.6495126339	work
843	684280.763278443	254361.57671485317	work
844	684523.6569887227	211377.43278793243	work
845	684487.057550247	245470.88051336646	work
846	684614.9020099842	248036.3240905652	work
847	683735.180943919	251660.1361696669	work
848	684445.36826712	212160.90403687395	work
849	684790.8549875253	211892.20760373454	work
850	683959.3046910415	245308.787673632	work
851	684793.4873212589	246957.16411951475	work
852	684251.9156406478	253370.7764259771	work
853	683629.0455126199	247513.83394418564	work
854	684520.5998656041	246788.78606738703	work
855	684352.6232920827	248581.06749896717	work
856	684616.1238223892	248420.76802389193	work
857	684941.9814168317	252052.66983652156	leisure,work
858	684497.5745835779	252145.87042448772	work
859	684332.6191846763	253767.38900454546	work
860	684025.6945641455	253300.32638820892	work
861	683921.9667144967	224130.1059122088	shop,work
862	684373.1626321565	239711.78047847212	shop,work
863	685035.2290201003	245678.70989286373	education,work
864	684810.5459513374	246623.3070981641	work
865	684765.5866114091	246281.13493958575	work
866	684340.0750705726	254564.27259732108	work
867	684298.2448600709	256206.48430819443	leisure,work
868	684624.9689519978	239165.9636185274	work
869	684395.1373003138	245929.9143298467	work
870	684743.0360099365	247254.78410857715	work
871	684589.3509274195	252387.2980610298	leisure,work
872	684689.0924821324	254274.3612394463	work
873	684912.6179000068	238430.06846657905	work
874	684729.5721445996	246835.62661573716	education,work
875	685088.5353184574	247341.51884752285	work
876	684442.3933167412	253633.236449769	education,work
877	685199.2438187033	254318.00619087048	work
878	684859.2374624196	222297.5376440466	work
879	684536.7045802643	251207.29595486642	work
880	685347.222560422	253986.42124781746	work
881	685202.5867183985	254326.5578712121	work
882	685248.0092138841	237792.1956325203	shop,work
883	685112.9585003814	237148.22699836973	work
884	684825.6846845143	239182.09880938692	shop,work
885	685155.3953227364	238828.87430298355	work
886	685103.7666078251	239427.7020762632	work
887	684929.4622312572	239506.10962058257	work
888	684976.544175175	244576.35831890878	work
889	684614.4218056622	244806.27822407483	work
890	685113.9508192537	244734.4294648924	education,work
891	685365.4908371157	254302.7175830708	work
892	685237.2993466819	222222.55728236973	work
893	684913.1612816141	229406.77593007326	work
894	685671.59531304	238766.13808118325	work
895	685414.1889711778	254478.96149919456	work
896	685564.8131855251	237611.25832313913	work
897	685095.7754813517	243959.74862337037	work
898	685337.2686487952	244571.93809204025	work
899	685482.3394946863	230021.53979921562	work
900	685016.5493078599	243373.2363160394	work
901	685564.2400348505	238120.84543111458	education,work
902	684892.1319032672	250816.07642982661	work
903	685231.1945847529	265662.8561292552	work
904	685894.8042482618	251412.33675690237	work
905	686207.3827889285	237449.42476941415	work
906	686065.0624091871	243363.25765370892	work
907	685831.8809421539	255651.6497883949	education,work
908	685397.9679299017	244091.80946865608	work
909	685888.8047984001	244334.42702194818	education,work
910	685936.7622865626	228870.94654495316	work
911	685818.8487976039	236275.28341105225	work
912	685875.815251499	237942.5533163978	work
913	685819.1819705736	243486.55698087777	work
914	686352.2729584299	265285.0065812728	work
915	685367.4324616692	243489.0314813308	work
916	685850.0113252078	244362.81254063227	work
917	686334.3100029866	264948.92877205415	work
918	685895.8824371612	256612.1121704303	work
919	686703.9385729727	242186.72143760725	work
920	686312.9523165581	236817.2964307109	work
921	686515.5656360104	240753.71055125244	work
922	686388.1552066992	221386.20323155826	leisure,work
923	686317.0865509962	243545.86471962673	work
924	686597.2874763402	241427.1826004899	shop,work
925	686554.3179868386	252266.76837968754	work
926	686816.0078768735	241444.01994678783	work
927	686634.8417867537	252224.10265574092	work
928	686592.1159478022	252740.01820677737	work
929	686344.1855874759	252687.47757512814	work
930	687120.3737082691	255566.76276364576	work
931	686202.2411000194	284606.8191156595	leisure,work
932	686120.9936764061	234987.69072683313	work
933	686679.7818617199	234866.0190454743	work
934	686113.8282516513	263234.5364155917	work
935	686620.4507857476	264428.28197231353	work
936	686679.2144013137	236083.48703725103	leisure,work
937	687030.6212097132	241079.26013272925	work
938	687006.1959788691	245824.57042723807	work
939	686813.8757152578	250304.73719557934	work
940	686930.5882042783	251584.64063183527	work
941	687375.5213019251	203883.8069605081	work
942	686971.1865307615	234946.95587719357	shop,work
943	686715.4938090018	240741.22709487675	shop,work
944	686447.7720017333	251499.57967548826	work
945	687210.3403890794	239742.5253103504	leisure,work
946	686402.2068471132	263680.9461817961	shop,work
947	687383.6215607922	240852.9028578085	work
948	686648.7962843092	251414.60533958775	work
949	686992.7884669777	252512.54690774422	work
950	687293.4521458226	281417.51184651494	work
951	687568.3695868474	240621.21835369087	work
952	687010.7608439462	251585.5770355141	shop,work
953	687644.918707848	259378.71602559893	work
954	687174.8014782916	225643.37410571324	work
955	687977.1176430227	246300.03532774164	education,work
956	687409.4965698885	246667.9311499238	education,work
957	687505.6962653897	244503.37167224215	shop,work
958	688171.3105036325	283170.12800595013	leisure,work
959	687463.2209029782	242457.97858025465	work
960	687634.9001572643	244542.90149066775	work
961	688078.5885905799	248961.04897818147	work
962	687976.2327688138	250312.37108453247	work
963	687906.5395714632	294248.35842003557	education,work
964	687944.8068357899	235084.7576355616	work
965	687513.9510114098	234871.6089629817	work
966	687881.5620164825	238372.98851686058	work
967	688186.3135103754	225275.86101601445	work
968	688331.6116800605	244317.5953637526	leisure,work
969	688034.8634082902	282032.2186089191	work
970	687823.0689856027	238487.647798824	work
971	687836.8411962171	244448.4424045451	work
972	688488.907176474	256295.82580615333	work
973	688512.671948332	206721.08487375232	work
974	688781.3394878091	240338.30986136472	work
975	688992.106762191	281435.02911621734	work
976	688454.8619765227	281338.43559374096	leisure,work
977	688239.1517867342	282037.07860982534	leisure,work
978	688629.1482741785	284934.0078656336	work
979	688758.7123779906	211721.696808496	work
980	688575.5628250877	249408.5592831461	shop,work
981	688881.79655274	205853.9960347223	shop,work
982	688764.8492255937	234372.3558265429	work
983	688727.5504393777	238462.31437180928	work
984	689131.6002225404	251569.8674474825	work
985	688141.2283738997	205551.09846263553	leisure,work
986	688712.317012412	250372.37343991647	education,work
987	688824.0963821628	252273.17526826102	work
988	688782.6134520369	287355.5695628862	work
989	688890.9511767537	246412.7759626768	work
990	689430.2631674557	250484.85243667025	shop,work
991	688713.7560609677	252299.1751342815	shop,work
992	689743.8176103167	282688.5777891234	work
993	689006.0970672296	221419.70176692028	shop,work
994	688593.0474983507	251748.58532974517	work
995	688437.9609253858	259991.0094548615	work
996	689657.0142548329	244166.22501758873	work
997	689118.5283348203	281391.10442536505	shop,work
998	689069.293022607	211660.63046384638	shop,work
999	688708.679647452	237857.41434933775	work
1000	689040.4522933331	242899.94460587288	work
1001	688872.9047588366	255602.1322496143	work
1002	688435.5030230957	283453.48483180936	work
1003	689602.2089838346	249864.07090230193	work
1004	689170.9531385243	255339.35071874972	shop,work
1005	689803.6980449357	281842.8953153475	work
1006	689040.9323435335	282174.5330851176	work
1007	689362.8177294348	285337.1579778734	leisure,work
1008	689576.375855416	221352.34731036142	work
1009	689550.0570384765	236580.31378783585	work
1010	689447.4316647779	254921.1913789589	work
1011	689171.0334119459	285324.62035884795	work
1012	689732.9135368406	206061.39487760604	work
1013	689051.486037154	238012.7377501445	work
1014	689736.6969885855	250215.24261504752	work
1015	689588.1241935071	250605.321832585	work
1016	689498.35009376	255249.45781021734	work
1017	690093.7824070917	283245.0953828661	shop,work
1018	688906.5360341344	250865.9222856403	work
1019	689838.9435715099	251328.18308634212	work
1020	689564.579110608	283721.43009130924	shop,work
1021	688707.3538964592	285618.62130368606	work
1022	689572.5964803647	238342.39664145865	work
1023	689639.2615650143	284611.8666174601	work
1024	689650.4054682774	252652.27617646256	work
1025	689518.2628553099	252558.30666897667	work
1026	689631.8083605877	253294.59550618517	work
1027	689999.7717931301	221131.4205373081	work
1028	690412.6560087069	246444.4739926935	work
1029	689874.5942113061	249797.92912218082	education,work
1030	690437.9553969224	253441.4872348275	work
1031	689604.8763828166	283434.8316852507	shop,work
1032	690532.2637469366	284487.2448833284	leisure,work
1033	689668.925422445	247680.3324241296	work
1034	690762.5481095845	263226.16268223466	work
1035	690511.4203377331	285788.5280950775	work
1036	690861.2624276164	207305.18482992958	work
1037	690744.8374647178	215353.9765820778	work
1038	691290.1476378972	249949.4074907621	work
1039	690869.0960981046	283192.74214811577	work
1040	690768.367519368	245468.96931839245	work
1041	691179.769761146	262460.8284918022	work
1042	690771.0600640632	236105.99929374835	work
1043	691124.3227484615	248417.6183240094	leisure,work
1044	690843.2351995439	215469.26224683688	work
1045	690950.5573791902	245137.27719064595	work
1046	690652.1180822824	233053.2584169943	work
1047	691078.5344517471	233225.22689855951	work
1048	691078.5032115736	245442.6787971421	work
1049	691849.281284088	255644.60909258432	work
1050	691055.2559908597	278795.75373740215	work
1051	691259.6952187984	283634.6040997484	work
1052	691726.2305225931	285421.0504548732	work
1053	690891.025686853	290565.4849240183	work
1054	691151.6465208753	207326.8095144194	work
1055	691464.6844366784	245966.37057721877	work
1056	691284.7865366491	287186.0816158285	work
1057	691667.4985821191	256326.44152036024	work
1058	691613.9362618392	233230.32479784862	shop,work
1059	691790.9633313962	242978.77012037198	work
1060	691162.8280317751	242595.3670241276	work
1061	691493.8555306364	208678.58038233986	work
1062	691845.6282917322	249242.86439087897	work
1063	692070.6564200231	208219.9327845131	work
1064	692307.960921543	248517.4853813078	work
1065	691547.6707474726	248271.8566993154	work
1066	692191.61301384	257480.4737760777	work
1067	692340.9764252517	208726.53216566492	work
1068	692049.3908136822	209500.4452120868	work
1069	692395.0480502921	232977.64607816367	work
1070	692557.8534065633	265306.0891131344	shop,work
1071	693066.2579843099	209360.0232857411	work
1072	692566.5916593404	291689.6427011576	work
1073	692605.5992506425	231953.96986678138	work
1074	693215.3016741824	249460.37191466524	shop,work
1075	693076.6143646794	231839.71634939354	education,work
1076	692997.7478041997	235579.0084157042	work
1077	693019.4271355957	255320.36460610258	work
1078	693086.6710906862	243511.0589964669	leisure,work
1079	693360.0101701164	272714.4048495626	work
1080	692771.3388309055	248308.52153027957	work
1081	692903.7082286729	258925.40376167555	work
1082	693774.8559006985	231115.03398854512	work
1083	693400.3261922175	249950.014002052	shop,work
1084	692770.6144880477	231314.3926820892	work
1085	693381.6642709876	247585.8264900747	work
1086	693209.8859428745	258727.38926302022	work
1087	693620.5594280144	230419.17763320383	education,work
1088	693504.0917996889	231839.29174520218	leisure,work
1089	693318.930797673	257790.25653976988	work
1090	693546.3627167149	262890.00315579877	work
1091	693921.6264471508	231745.58111097434	shop,work
1092	693720.2733956123	251357.0685718382	work
1093	694207.798713401	235816.62849730504	work
1094	694256.1320719802	247549.5044175391	work
1095	693730.1650088239	218573.45753650015	work
1096	694088.2697928201	252961.97361908283	shop,work
1097	694437.6527603065	272533.37568412285	work
1098	694323.3739638064	227284.68305425943	work
1099	693635.4572215232	252682.0527780543	work
1100	694943.8713130208	254926.42133382946	work
1101	694124.661505847	253677.94667076413	leisure,work
1102	694190.8987139214	254154.26881654284	shop,work
1103	694368.7711777677	254666.0986370996	work
1104	694408.4276128473	228359.0539203884	work
1105	694722.7680523244	230318.51664894502	work
1106	694646.9444837708	227923.32024425452	work
1107	694651.0122741201	239691.92460738576	shop,work
1108	694346.428716455	246250.63286487127	work
1109	694547.3029587162	252790.97009971994	work
1110	694228.7476381948	257234.33997914064	work
1111	694049.5182262401	239199.52479135807	shop,work
1112	694566.1815247741	239432.09947924994	work
1113	694977.0193443533	262571.17158794805	work
1114	694398.4828188495	239931.1759179711	work
1115	695064.7967507091	260042.8753569498	work
1116	695056.9407279029	263264.2972374339	work
1117	695283.8400521728	267089.6141503878	work
1118	695629.2743107867	289505.276702272	work
1119	695933.8061068617	244124.09287433795	work
1120	695366.3263342689	254987.70116536916	work
1121	695421.2554656524	261027.9814329833	work
1122	695665.777852802	233914.33228940875	work
1123	695991.4226298387	260958.84456853496	work
1124	695202.5238563509	229033.74761474738	work
1125	695819.3171531925	230103.67244652502	leisure,work
1126	696462.587308943	245209.96844341457	work
1127	696030.0801705185	288637.06559832493	leisure,work
1128	695752.5860700206	228899.601007749	shop,work
1129	696243.4086456017	233738.88773253871	leisure,work
1130	696187.1422336133	245039.36067166374	work
1131	696000.4554145649	260710.42885442812	leisure,work
1132	695977.027656243	238658.9852884889	work
1133	696333.3834724328	245241.04034487144	work
1134	695755.2587041694	262140.79819871884	work
1135	696477.3369405045	261409.0438941396	work
1136	695833.3025472861	238240.1987767818	work
1137	696223.7664056348	225419.67587789192	shop,work
1138	696655.7081627492	244418.06526835554	work
1139	696343.885583413	245401.4300330316	work
1140	696451.1749213587	245021.85016791776	work
1141	696471.793677841	261724.1981148343	work
1142	696513.0918082992	262321.92946748115	work
1143	695841.5984966698	262461.2291980822	work
1144	696750.9722692246	245137.11351772514	shop,work
1145	696596.6279048488	245247.53219046604	work
1146	696729.8092092221	244568.27915651348	work
1147	695847.5726323284	246122.80642326237	work
1148	696572.5249621465	261958.8229278006	work
1149	697023.9825890895	262921.316232879	work
1150	696344.3019920953	232495.05690047095	work
1151	697344.4519254639	261334.06326119017	work
1152	697081.839361607	227246.85812742167	leisure,work
1153	696967.8181301623	232426.0545782465	shop,work
1154	696895.1307540141	233326.27323513437	shop,work
1155	696321.7249131019	236313.01445936845	education,work
1156	697343.2118341177	261860.0899632943	work
1157	697485.1256605829	262177.6364645292	work
1158	696731.3076470182	233081.7252209774	work
1159	696763.6326684959	261616.50649543016	work
1160	697738.6703267727	261741.57278344766	shop,work
1161	697169.7472719196	262132.3153526707	shop,work
1162	696886.706448165	265473.12072008796	work
1163	697637.4612314964	268497.0016261343	education,work
1164	697333.2076787953	261515.00562412626	work
1165	696854.6977935755	261492.1696526796	work
1166	696866.1208176962	261581.07055203314	shop,work
1167	697468.6275228307	261290.5723525532	work
1168	697393.5335549638	261898.81095622768	shop,work
1169	697778.8004226928	262568.5751881362	shop,work
1170	697330.7029363114	260873.5048261375	leisure,work
1171	696915.8558293612	262400.6564880832	work
1172	697962.2695458994	251499.62043286304	work
1173	697166.7537405827	261853.0048785526	shop,work
1174	697941.2045161464	264797.6793747709	work
1175	697797.2381623511	266094.35601206427	shop,work
1176	697602.513400924	261042.05778885528	work
1177	697047.5593822139	244939.7079271336	work
1178	697895.987997476	265349.51049580897	work
1179	697689.8904686203	225582.43433754242	work
1180	698365.266999125	228272.21521785166	work
1181	698196.0580079725	261880.00896977732	work
1182	697955.0831382202	261454.32471825526	work
1183	699306.5933218318	228417.39630818513	work
1184	698165.9173071712	233763.09248487794	work
1185	698517.4820677817	281837.59080817166	work
1186	698636.2957834012	261151.1702414227	work
1187	699275.8240577902	232698.9717933493	work
1188	699278.441412017	249376.6719933166	work
1189	699411.3322961362	282629.4767241913	work
1190	698847.0542746579	262577.33677320223	work
1191	699181.3066975918	226523.99927598579	shop,work
1192	699184.8846302467	262818.4458755769	work
1193	699423.2123832906	249154.4480538851	work
1194	698939.1707007298	249340.79968451388	work
1195	698811.5484275493	220252.0005873067	work
1196	698776.3579326291	220578.9474863112	work
1197	699210.4155351231	249900.81172490757	work
1198	699838.14356497	242347.4029307873	work
1199	699746.5823290751	250150.60124486973	work
1200	699402.1124163321	260098.79979578583	leisure,work
1201	700028.0822573527	242221.81674616862	work
1202	699447.0204535434	259445.76724021704	shop,work
1203	699194.6555361354	262869.11618521536	education,work
1204	700318.4794409387	228795.17638127945	work
1205	699828.0983414103	240412.8476013921	work
1206	700189.8394091199	280209.8597431041	work
1207	700000.7375273703	233139.2239738842	work
1208	699711.6576481676	261391.52858595637	leisure,work
1209	700522.2271704405	253735.39660742314	shop,work
1210	700725.0171081424	259452.10003000306	work
1211	699445.2069156402	259921.75353455252	work
1212	700285.4349711288	229282.10010214083	work
1213	700132.8782730058	235060.85553758385	work
1214	700566.8364053649	227436.89330379775	work
1215	700078.1498090312	247541.111883029	work
1216	700697.4021454641	247506.5770856324	work
1217	701168.3707180534	259552.20755208403	work
1218	700585.0549535839	234609.16494315874	shop,work
1219	701010.7145950432	243124.94598636936	leisure,work
1220	700882.1194706144	233863.22525073387	education,work
1221	700434.9910940665	249634.59944801065	work
1222	701105.1201342924	250884.94734676363	work
1223	700372.1631711628	264881.08611059666	work
1224	701390.6243294742	228765.52694054833	leisure,work
1225	701080.9006928172	247277.632359492	work
1226	700991.7023606014	233806.87328182106	work
1227	701465.5601301759	233957.05991900663	work
1228	701304.9771169341	241056.81944983176	work
1229	701367.6949808056	203282.17225995476	work
1230	701179.088624659	219614.29396229272	leisure,work
1231	702050.1622522163	262470.79167398316	leisure,work
1232	701543.060934851	228728.87772801975	work
1233	702133.7793727386	277377.96006295393	work
1234	701655.8588275263	254065.67605314442	work
1235	701809.3966330354	264070.0688262651	work
1236	702222.0142137659	240622.81491504973	work
1237	702776.1947403767	243262.49333757622	work
1238	701960.3115044668	210814.86926198087	leisure,work
1239	702126.7709642911	267100.6562044218	work
1240	702778.028253179	203767.41386317962	work
1241	702207.1842419626	239934.813958238	leisure,work
1242	701873.4159533144	241651.4202287071	work
1243	701951.0980221331	241560.44718925832	work
1244	702213.2460689227	267751.25688489154	shop,work
1245	702457.5536116629	228721.9480868157	work
1246	702383.4296288494	240854.5907136517	work
1247	702639.6999073412	255873.07958050253	shop,work
1248	702976.4259403087	282008.3607133629	shop,work
1249	702758.1775377395	242614.58279301255	shop,work
1250	703052.9201275792	242112.8676661753	shop,work
1251	702635.8124195858	242205.51864303372	leisure,work
1252	702477.2023093821	242908.82643130116	shop,work
1253	703573.4944148215	285222.50088231114	work
1254	703391.5633457067	234859.93051802675	shop,work
1255	702981.2282429886	243016.9739933298	work
1256	703254.6092038763	235094.29943371905	work
1257	703365.1425879927	252265.28155012045	work
1258	703737.8504126774	213208.8110499875	work
1259	703525.6160382367	242771.19094394144	work
1260	704063.5904752123	242965.1986334495	work
1261	704004.4952798221	244223.9600318933	education,work
1262	703770.912887966	242460.19300094908	work
1263	704412.0760281705	285452.95412105834	work
1264	704190.6840041953	232817.82222148296	work
1265	704954.053060129	266350.33982087835	shop,work
1266	704138.5679042402	227639.75294173782	work
1267	703992.0751399795	232040.43872741063	work
1268	704235.2662418212	232349.7101413033	work
1269	704095.178935994	269156.304905612	work
1270	704229.6866834908	232549.70322488612	work
1271	704620.3655040407	240107.20372319335	work
1272	704402.527314202	243194.76707699406	work
1273	704338.7477718171	271890.23987625225	leisure,work
1274	704393.4764443043	233100.8861060034	shop,work
1275	704667.8313224178	266300.20300262864	education,work
1276	703970.6212495441	231986.04890023527	leisure,work
1277	704018.649881431	246723.25741901132	work
1278	704784.5213135262	232387.09791932206	shop,work
1279	705720.8711419373	239941.0375058274	work
1280	705377.5576490837	227468.14045120432	work
1281	705451.1948472376	231475.97743043807	work
1282	705188.9884194247	231581.63949166928	leisure,work
1283	705880.9442765373	235468.15254147878	work
1284	704947.9423948156	248833.6554935231	work
1285	706117.837407978	243931.34581274248	work
1286	705930.2772260766	255472.7537370502	shop,work
1287	706503.2595796069	240028.80905315987	work
1288	706920.489356849	227485.28962651486	education,work
1289	706492.4334624136	237500.18794704613	work
1290	706057.215002198	255585.09387882362	work
1291	705926.6108087609	239600.092629359	work
1292	706060.9846516934	244156.4777955038	work
1293	706590.2837529337	214283.4794066281	work
1294	706511.3363929479	231180.95405332572	leisure,work
1295	706193.9357509754	231079.61175595626	work
1296	706115.6679098132	235134.04410845647	shop,work
1297	707186.3888682454	235995.3130749326	work
1298	706863.0688918721	239925.0859429624	work
1299	706410.8172125097	279629.05241722945	work
1300	707265.556819821	235066.9074298515	shop,work
1301	706729.8303390644	235132.22862614054	leisure,work
1302	706906.9926670447	279049.5508284117	shop,work
1303	706635.3790152583	234911.01015374283	work
1304	706938.3362996943	243121.5754765799	shop,work
1305	706966.1138265206	227712.24009237488	work
1306	707036.4197503794	226773.58525896614	work
1307	706997.8910058956	238229.3876302035	work
1308	707490.2715327981	228381.24263190234	work
1309	706795.7003554557	234182.17503744958	work
1310	707002.7615992253	243288.7572258601	work
1311	707160.913631125	262012.12897629628	work
1312	706975.6015127905	227689.61922203802	work
1313	707528.1512459883	226972.84617615613	work
1314	707344.0723958861	268899.5709797808	work
1315	707894.9952580747	268786.3738215583	work
1316	708499.1679813945	247926.40382541137	work
1317	707545.4443101329	227788.39725203128	shop,work
1318	707953.1861258964	231962.0707992585	work
1319	708553.9110082847	236524.52635190779	work
1320	708520.447710929	240820.55552879133	work
1321	708892.7543008339	248010.3008432837	work
1322	709904.5140903525	226618.8101877904	work
1323	709258.4929188032	226064.48378497537	work
1324	708473.9214023286	227837.2655241476	work
1325	709383.746771854	268025.0075255369	work
1326	709546.3983854124	266802.8750049305	work
1327	709145.3740304833	268770.33395431377	work
1328	709459.6695206817	268944.5383034385	work
1329	709058.3252325321	268356.8115348357	shop,work
1330	709691.7756958497	268064.8683639434	leisure,work
1331	709101.6713833322	269067.4778753196	work
1332	709429.5622270352	269254.7339713232	work
1333	709642.145439149	268234.0533742779	leisure,work
1334	709942.3774733581	228952.63346982375	education,work
1335	709367.3779801755	268815.69876921765	work
1336	710672.2709069647	265003.82493458485	work
1337	710352.7097063622	261309.84930180953	shop,work
1338	710132.7184811383	259798.8830387979	work
1339	710264.257528455	261098.86925232812	education,work
1340	710241.7854269216	225693.59517157575	work
1341	709980.708403499	228579.0977601712	work
1342	710282.6900839439	226341.49498402353	education,work
1343	710835.5542263575	227099.8458053553	work
1344	711029.4997848411	225981.25591411782	work
1345	710917.7714744045	267137.7907384932	work
1346	710550.8753876445	226213.1424101305	work
1347	710809.5815600413	268973.7239352774	work
1348	710980.3164332252	237782.70425402647	work
1349	711461.7525553394	237485.42857359807	work
1350	710996.7556971252	236671.2906369486	shop,work
1351	711814.06779082	236523.92464891422	work
1352	711323.4132571184	264185.51005192794	work
1353	712908.1319104807	226077.75485873898	work
1354	712761.5849415482	235800.38239125206	work
1355	712573.4923735978	256682.6826312544	work
1356	713082.2876293606	233528.01391466532	work
1357	713318.3748523078	235525.3837314359	work
1358	713970.4379765729	228893.79605476282	work
1359	713747.1326109612	231954.7072790197	work
1360	714438.7205097533	261303.7423521668	work
1361	713704.6464515456	261704.84492587254	leisure,work
1362	713394.5171285035	262289.6228736325	leisure,work
1363	714299.6446273013	231459.55082469902	leisure,work
1364	714512.1702958503	266934.62258023606	education,work
1365	714820.4674970796	262207.99527313525	work
1366	715649.8781566605	258361.69344503994	work
1367	715990.2931150601	280964.6730846428	shop,work
1368	715960.2535595259	280639.5861136674	work
1369	717011.5396289516	231795.59091054686	leisure,work
1370	716325.1254941784	235899.57815020645	work
1371	717418.3176712125	257742.68841911218	work
1372	718321.8055622852	258140.30877647625	shop,work
1373	717749.6399292159	259316.3195118273	work
1374	718179.1946215474	233107.18627167106	work
1375	718191.2544426518	250713.99742979812	work
1376	718127.8773167984	227609.05501194837	work
1377	717972.5362728001	271985.59002667305	work
1378	718918.7204994318	231629.34523323906	work
1379	718215.0517148413	281509.27174230054	work
1380	719336.9852127554	230689.11292192384	education,work
1381	719785.3475358929	226784.61603169207	work
1382	720189.5388271481	227985.78794940532	work
1383	720159.7235718329	232233.9439440979	work
1384	719966.5887474723	252626.08674305063	education,work
1385	720250.7140100263	256991.84207453424	work
1386	720320.3621990843	257901.2281312066	shop,work
1387	721378.9664674508	232878.1237194639	work
1388	721054.3006250478	258491.80524368814	education,work
1389	721217.9408333441	257695.08453742595	leisure,work
1390	720962.0645934561	257776.50081525018	work
1391	721267.1447180809	258019.04159550407	work
1392	721309.1343172705	258153.84586755023	work
1393	721561.3437913043	258112.7302370038	leisure,work
1394	721623.5731307785	277516.2835158848	work
1395	721658.4249771404	256464.3282231845	work
1396	721213.7758269927	231473.85421234262	work
1397	721848.9087181359	259554.81969689755	leisure,work
1398	721847.0163631333	255783.79611291556	work
1399	721471.896106743	225138.61206745138	shop,work
1400	721995.146196711	219909.32270041422	work
1401	721626.6187971509	218736.59777594102	work
1402	722378.4674545475	257396.40586618206	work
1403	722542.0066150512	212466.66870470182	work
1404	722579.6258642788	252610.47870882577	education,work
1405	721913.5184727694	280390.4046613047	work
1406	722117.1050476307	221713.03580146862	work
1407	723432.8945140927	221091.97130595747	shop,work
1408	722504.0024364108	272221.10254947824	work
1409	723885.0087688301	205525.0127205735	work
1410	723498.1030638687	275563.5911612071	work
1411	723551.3779083035	219113.67180119667	work
1412	723175.7402184011	281206.801034756	leisure,work
1413	723697.6956143858	212241.97519613383	work
1414	723279.7192579526	211593.61381632584	work
1415	723598.437785026	247610.72662173735	work
1416	724399.291199397	210537.48636628626	shop,work
1417	723273.3228217865	211660.02917643866	work
1418	723052.2687238159	211492.06223362708	shop,work
1419	724408.361480119	250918.68643516127	work
1420	724032.8560359722	258663.19004830092	work
1421	725060.8978627041	206630.3994726907	education,work
1422	724114.2656401447	211356.04998910447	leisure,work
1423	724411.6931244634	243701.21156502646	work
1424	723609.8503836892	243390.88765107666	work
1425	724071.3581036893	275433.3308934689	work
1426	725079.275181747	205829.98710540956	work
1427	724167.6096215991	243141.2717452121	education,work
1428	724658.9047772067	239591.82858122853	work
1429	724642.20657042	248777.5068827941	work
1430	725098.4980914335	208772.20027079197	work
1431	724792.6625236914	209639.2212298925	work
1432	725259.1278608721	206800.23065547476	work
1433	725589.2999036789	238082.14844761824	work
1434	725671.6668257562	269436.93540126714	work
1435	725913.3841582625	269550.1522894896	shop,work
1436	725465.4944960724	270078.6149256058	work
1437	725444.2724550619	221711.5832619803	work
1438	726251.1615487544	246342.01137473696	work
1439	726400.5538563876	259073.72022141836	work
1440	726465.4129188681	236183.4257888818	work
1441	726644.8108567357	257546.95894326005	work
1442	727061.6264646454	234736.513440569	leisure,work
1443	727254.0143429573	254614.86323379056	leisure,work
1444	727520.8437886736	255418.09526914314	work
1445	727139.7852537574	279950.80748121033	education,work
1446	727294.3287469206	236261.13041474283	work
1447	727891.6383990248	254879.7065834616	work
1448	727732.952609709	255074.9420814559	work
1449	727814.0815015236	235487.97588348816	work
1450	728562.6881859006	247085.12262440086	work
1451	727893.2037345617	247751.33966869875	leisure,work
1452	728589.0226969898	256291.00398845476	education,work
1453	728722.7405915766	256600.3971775522	work
1454	728654.5385614907	272745.2544623424	work
1455	729238.946368913	268897.5994192805	work
1456	728930.6601890387	256325.04615520407	work
1457	728239.4693600918	259700.10327471673	work
1458	728831.379549766	274360.0389913204	work
1459	729288.6580564355	253262.3134752148	work
1460	729910.1032630332	256568.90584078792	work
1461	730060.6053101578	279297.298392798	work
1462	730848.9400209833	252982.34637404513	work
1463	730230.0077998452	278081.9250372437	leisure,work
1464	729928.7293144391	278523.0155778944	work
1465	730440.275579394	271866.8767127082	work
1466	731450.0031607025	253310.07278040645	shop,work
1467	731042.2781837628	278545.6388753954	work
1468	731150.9903612925	278523.2473425498	work
1469	732046.0955874741	269195.4066027307	work
1470	731792.3466787473	265929.93639402086	work
1471	732229.0208724305	252755.86295085025	shop,work
1472	732116.063253785	278336.41360955767	work
1473	732145.320877431	253074.33380711474	leisure,work
1474	731536.4524496928	277332.6932804617	work
1475	732275.1212017476	252010.02890147374	work
1476	732533.850710382	265504.83988930314	work
1477	732251.3246938197	265702.0444835427	education,work
1478	732777.8568027441	245275.48634568581	work
1479	733232.2534921811	264826.9828529645	work
1480	732892.0166565282	271014.06614728534	work
1481	733028.8212171942	249736.429410559	work
1482	733105.4716590145	256144.9333594124	work
1483	732761.6158484418	248551.46709287947	work
1484	733565.2939618627	248861.3548860605	work
1485	733281.6009063772	255529.58294482986	work
1486	733205.8823979824	270840.77768181695	work
1487	733393.9641381738	267612.5507100788	work
1488	733782.3177286531	269957.33399331174	work
1489	734867.508346499	265592.5353689042	work
1490	735248.4607663035	253403.42796271056	work
1491	735801.3242033441	262248.4160659615	education,work
1492	735617.1802396058	261994.80972098556	work
1493	735497.2276464221	261593.99087321194	shop,work
1494	735754.1578049688	276564.8663050837	work
1495	736685.6265343069	253025.83409710665	work
1496	737268.6848252692	253164.62300812223	work
1497	736398.4342842355	218981.6452024833	work
1498	737054.3317100698	253106.36987724437	leisure,work
1499	736535.2020847556	252841.04959490168	work
1500	737168.8531154909	256139.0494822431	work
1501	736686.9646100044	253702.72949407494	leisure,work
1502	737749.5546002918	252979.3363494023	work
1503	737516.1882196652	274730.40070075885	work
1504	737335.7656561789	219398.03208744442	work
1505	737764.3386611012	253351.9583217889	leisure,work
1506	738848.8553986492	252741.87944689096	leisure,work
1507	738372.6094664759	256087.31345553932	work
1508	739128.9177150882	255687.49183341675	work
1509	738449.3384004439	250327.65416540837	education,work
1510	738876.3934040111	249918.8305685398	leisure,work
1511	738430.7574652956	249922.71258847168	work
1512	739114.1666922994	246918.10304701808	shop,work
1513	739051.995792332	252447.0246143722	shop,work
1514	738862.4995687678	219628.0221537184	work
1515	740303.0059160939	268668.16345433355	work
1516	740136.8735858777	250633.14553109693	work
1517	739448.5012741553	267336.54835427913	work
1518	739466.1887792039	250494.69255178643	work
1519	739834.5182901758	267883.558276454	leisure,work
1520	740490.3069754769	267618.16621573153	shop,work
