% N1: Buccleuch - Allandale
120405
156227
178575
178576
184667
184757
184758
184763
184776
184937
185124
39594
4588
% N1: Allandale - Olifants
125715
125716
125717
171593
171594
178545
178573
178574
184759
184760
185516
185517
185518
185519
% N1: Olifants - Brakfontein 
122227
122228
122229
171591
171592
171633
174315
174320
174321
174322
174323
174324
216643
216644
216645
216646
216647
216648
% N1: Brakfontein - R21
105332
105333
105334
105335
111767
111768
111868
111869
135685
155551
155552
155553
155580
155581
155582
211615
4464
4469
4472
4473
4474
4475
6455
77089
77090
% N1 - R21 (Hans Strydom)
155554
155555
155556
155557
155558
155559
155560
155561
155562
77080
77081
77082
77083
77084
77085
77086
77087
77088
% N1: N4 - Zambezi
102916
102937
103035
103036
103173
120640
120541
123183
171916
171917
171967
171972
171973
210547
210579
210590
70361
70362
70613
70615
70616
70658
70660
70661
73517
73520
74937
74942
75002
75003
77078
99643
99644
99683
99684
99685
% M1
120403
120404
137033
137034
142576
142577
142578
142579
142580
142594
142595
142596
142597
142598
142599
142600
142601
142602
142609
142610
148680
148681
148866
167754
171444
171445
171446
171447
171448
207696
207697
207698
207699
207700
207701
207702
207703
207704
207705
207706
207707
207708
207709
207710
207711
207712
219289
25512
25513
25514
25997
26018
26019
26020
32324
32325
32328
32329
32330
32429
33576
33577
33578
33579
33580
33583
33584
33585
33586
36836
36837
36838
36970
36971
37294
37295
37296
37297
37298
4589
4590
4591
4592
% N1: Western bypass, Buccleuch - Malibongwe
104487
164847
164848
164850
164919
167313
167519
167518
167519
167532
169538
169539
164540
172884
173731
173732
173733
173736
173737
179194
184404
187265
187269
187344
187349
187350
188843
188852
189055
27271
27272
51065
51068
51069
51072
51073
704
705
828
84762
84865
84940
% N1: Western bypass, Malibongwe - Gordon Rd
117108
117109
117110
149327
149334
149507
149508
149509
149510
151078
151079
151080
151084
151085
151086
151088
25510
25521
25523
25956
26006
26007
51070
51071
51088
% N3: Buccleuch - M2
100850
100851
100852
100853
100917
100918
100920
104182
104459
104486
104488
164849
17174
17175
17176
17177
17178
17179
17188
17190
17191
17192
17193
17291
179651
179683
179684
179790
179791
179792
179793
179794
179796
179797
180669
184894
184895
148900
184923
184924
208475
208480
208481
208626
208635
208636
81091
81092
81093
81094
83241
83242
83243
83315
83316
99226
% R24: Gilooleys - R21
99324
117161
117162
117163
140191
31392
5273
5274
5275
5276
55586
55587
55593
55594
55595