1	2948.31611775795
2	2673.18523580127
3	3115.88554380563
4	622.724218420457
5	953.334167109136
6	587.625217018577
7	707.641157295974
8	1083.5401400516
9	528.749472731552
10	871.81390578864
11	1495.67035006077
12	1135.62252922858
13	669.145478339073
14	591.021894573598
15	540.071731248287
16	2133.11350455298
17	1677.95871218021
18	5254.66017761699
19	14133.575306441
20	1263.56405046769
21	1886.28826888815
22	850.301614606842
23	5398.45286077953
24	2454.66564642828
25	403.072403195787
26	1600.96735426641
27	906.91290719052
28	1468.49692962061
29	1283.94411579782
30	914.838488152235
31	896.722874525458
32	1282.81188994614
33	670.277704190747
34	894.458422822111
35	521.956117621511
36	1405.09228192689
37	1906.66833421827
38	469.873728444527
39	2002.90753161053
40	397.411273937419
41	523.088343473184
42	1376.78663563505
43	1212.61388714238
44	1685.88429314193
45	670.277704190747
46	555.922893171717
47	829.921549276718
48	862.756098975252
49	682.732188559156
50	1031.45775087461
51	700.847802185933
52	621.591992568784
53	1556.81054605114
54	1827.41252460112
55	943.144134444074
56	654.426542267317
57	717.831189961036
58	606.873056497027
59	891.061745267091
60	855.96274386521
61	2110.46898751951
62	871.81390578864
63	884.268390157049
64	1740.23113402226
65	735.946803587813
66	1211.48166129071
67	708.773383147648
68	1165.06040137209
69	2917.74601976276
70	935.218553482359
71	878.607260898681
72	943.144134444074
73	965.788651477545
74	777.839160099735
75	1103.92020538172
76	835.582678535086
77	973.71423243926
78	1170.72153063046
79	1923.65172199338
80	3534.80910892485
81	810.673709798268
82	1091.46572101331
83	980.507587549302
84	703.11225388928
85	1193.36604766393
86	1030.32552502294
87	1389.24112000346
88	802.748128836553
89	634.046476937193
90	2271.24505845716
91	5128.98310808122
92	1047.30891279804
93	2647.14404121278
94	1594.17399915637
95	988.433168511017
96	1311.11753623798
97	1884.0238171848
98	2041.40321056743
99	2780.74669171026
100	1145.81256189364
101	1475.29028473065
102	2175.00586106491
103	1311.11753623798
104	3280.0582922983
105	1156.0025945587
106	806.144806391574
107	1377.91886148672
108	1824.0158470461
109	3066.067606332
110	1101.65575367837
111	512.898310808122
112	815.202613204962
113	1060.89562301812
114	874.078357491987
115	1269.22517972606
116	1100.5235278267
117	891.061745267091
118	841.243807793454
119	546.865086358329
120	2147.83244062474
121	2109.33676166784
122	3957.12935159909
123	1813.82581438104
124	1664.37200196013
125	1508.12483442918
126	4328.49943094801
127	889.929519415417
128	1273.75408313275
129	1403.96005607521
130	893.326196970438
131	511.766084956448
132	789.16141861647
133	2345.97196466761
134	2069.70885685926
135	1257.90292120932
136	2194.25370054336
137	3162.30680372425
138	13652.3793194798
139	1615.68629033817
140	925.028520817297
141	867.285002381946
142	884.268390157049
143	684.996640262503
144	889.929519415417
145	840.111581941781
146	898.987326228806
147	606.873056497027
148	423.452468525911
149	388.353467124031
150	902.384003783826
151	1032.58997672629
152	466.477050889506
153	551.393989765023
154	3315.15729370018
155	902.384003783826
156	801.615902984879
157	1803.63578171598
158	908.045133042194
159	794.822547874838
160	1495.67035006077
161	404.20462904746
162	1199.0271769223
163	726.888996774425
164	1294.13414846288
165	782.368063506429
166	1922.5194961417
167	495.914923033019
168	557.055119023391
169	1745.89226328063
170	1105.05243123339
171	612.534185755395
172	313.626560913576
173	793.690322023165
174	5553.56780245881
175	431.378049487626
176	2109.33676166784
177	657.823219822338
178	1940.63510976848
179	964.656425625872
180	541.203957099961
181	876.342809195334
182	1730.0411013572
183	1640.59525907499
184	611.401959903722
185	1184.30824085054
186	688.393317817524
187	716.698964109363
188	525.352795176531
189	1057.4989454631
190	460.815921631138
191	562.716248281759
192	639.707606195561
193	586.492991166903
194	613.666411607069
195	716.698964109363
196	409.865758305828
197	948.805263702442
198	1330.36537571643
199	577.435184353515
200	477.799309406242
201	1499.06702761579
202	2108.20453581617
203	622.724218420457
204	878.607260898681
205	866.152776530272
206	601.21192723866
207	926.160746668971
208	735.946803587813
209	524.220569324858
210	826.524871721698
211	1418.67899214697
212	2855.47359792071
213	1232.99395247251
214	1003.15210458277
215	668.0132524874
216	1166.19262722377
217	1169.58930477879
218	1006.54878213779
219	781.235837654755
220	1373.38995808003
221	1895.34607570154
222	694.054447075891
223	3209.86028949454
224	564.980699985106
225	776.706934248061
226	1405.09228192689
227	630.649799382172
228	988.433168511017
229	818.599290759983
230	666.881026635726
231	1088.06904345829
232	3409.13203938909
233	1732.30555306054
234	937.483005185706
235	612.534185755395
236	1157.13482041038
237	837.847130238433
238	399.675725640766
239	2360.69090073937
240	460.815921631138
241	1144.68033604197
242	1251.10956609928
243	1338.29095667815
244	1106.18465708507
245	774.442482544714
246	1348.48098934321
247	8975.1543262163
248	871.81390578864
249	4465.49875900051
250	7412.68265090679
251	1006.54878213779
252	835.582678535086
253	974.846458290934
254	478.931535257915
255	1358.67102200827
256	751.797965511243
257	641.972057898908
258	1782.12349053418
259	386.089015420683
260	668.0132524874
261	1765.14010275908
262	1295.26637431455
263	536.675053693267
264	336.271077947047
265	1733.43777891222
266	852.56606631019
267	2159.15469914148
268	18580.9584518148
269	4981.79374736366
270	4460.96985559382
271	3546.13136744159
272	14987.2735986029
273	4664.77050889506
274	1664.37200196013
275	5374.67611789438
276	1713.05771358209
277	2644.87958950943
278	2475.0457117584
279	2067.44440515592
280	3166.83570713094
281	1131.09362582189
282	42236.5531708304
283	8925.33638874266
284	37614.807244299
285	1623.61187129988
286	3239.29816163805
287	3354.78519850875
288	2669.78855824625
289	4124.69877764677
290	10818.4180127409
291	11496.6212978933
292	4771.19973895238
293	3285.71942155667
294	7491.93846052394
295	12308.4272335433
296	1325.83647230974
297	532.146150286572
298	717.831189961036
299	1580.58728893629
300	1691.5454224003
301	2220.29489513185
302	1608.89293522813
303	1450.38131599383
304	1260.16737291267
305	831.053775128392
306	1735.70223061557
307	1360.93547371162
308	2155.75802158646
309	1353.0098927499
310	1381.31553904174
311	827.657097573371
312	714.434512406015
313	1653.0497434434
314	1440.19128332877
315	1202.42385447732
316	720.095641664383
317	851.433840458516
318	1500.19925346747
319	750.665739659569
320	853.698292161863
321	1804.76800756765
322	1946.29623902685
323	3283.45496985332
324	1664.37200196013
325	1697.20655165866
326	681.599962707482
327	3293.64500251838
328	603.476378942007
329	923.896294965624
330	545.732860506655
331	730.285674329445
332	1277.15076068777
333	1167.32485307544
334	343.064433057088
335	1068.82120397984
336	3438.5699115326
337	1891.94939814652
338	1861.37930015133
339	1015.60658895118
340	1279.41521239112
341	859.359421420231
342	997.490975324405
343	791.425870319817
344	2557.69819893057
345	6673.33916976395
346	2880.38256665753
347	1701.73545506536
348	3650.29614579555
349	4826.67880568438
350	2255.39389653373
351	5165.21433533477
352	2246.33608972034
353	8234.67861922179
354	14895.5633046173
355	10325.8997672629
356	3186.08354660939
357	3831.45228206332
358	2291.62512378728
359	6911.1065986154
360	540.071731248287
361	5409.77511929626
362	1615.68629033817
363	1290.73747090786
364	1169.58930477879
365	2905.29153539435
366	4733.83628584715
367	253.618590774877
368	5487.89870306174
369	1317.91089134802
370	1983.65969213207
371	7093.39496073484
372	764.252449879652
373	1311.11753623798
374	1002.0198787311
375	4037.51738706791
376	723.492319219404
377	895.590648673785
378	350.990014018803
379	4280.94594517772
380	1847.79258993125
381	1654.18196929507
382	802.748128836553
383	535.542827841593
384	497.047148884692
385	593.286346276945
386	369.10562764558
387	1512.65373783587
388	2701.49088209311
389	1276.0185348361
390	717.831189961036
391	2075.36998611763
392	1277.15076068777
393	4624.01037823481
394	1934.97398051011
395	8008.23344888708
396	2977.75398990146
397	11084.4910878841
398	4357.93730309153
399	413.262435860849
400	1605.49625767311
401	1437.92683162542
402	645.368735453928
403	1149.20923944866
404	537.80727954494
405	3301.5705834801
406	1257.90292120932
407	811.805935649941
408	1845.5281382279
409	1122.0358190085
410	1119.77136730515
411	661.219897377358
412	516.294988363143
413	1175.25043403715
414	241.164106406468
415	592.154120425271
416	1764.0078769074
417	5416.5684744063
418	845.772711200148
419	684.996640262503
420	2093.48559974441
421	1152.60591700368
422	765.384675731326
423	425.716920229258
424	826.524871721698
425	1415.28231459195
426	495.914923033019
427	410.997984157502
428	418.923565119217
429	1317.91089134802
430	1764.0078769074
431	769.91357913802
432	687.26109196585
433	1418.67899214697
434	1534.16602901767
435	1106.18465708507
436	634.046476937193
437	603.476378942007
438	788.029192764797
439	1911.19723762497
440	2870.19253399247
441	1183.17601499887
442	695.186672927565
443	4071.48416261812
444	2924.5393748728
445	958.995296367504
446	1003.15210458277
447	623.856444272131
448	934.086327630686
449	1274.88630898443
450	544.600634654982
451	666.881026635726
452	812.938161501615
453	875.210583343661
454	928.425198372318
455	1234.12617832418
456	1666.63645366348
457	645.368735453928
458	444.964759707709
459	574.038506798494
460	1899.87497910823
461	2975.48953819811
462	600.079701386986
463	1449.24909014215
464	817.467064908309
465	3561.98252936502
466	258.147494181571
467	2583.73939351906
468	2513.5413907153
469	7793.1105370691
470	1277.15076068777
471	817.467064908309
472	782.368063506429
473	2753.57327127009
474	2916.61379391109
475	9321.61543682841
476	519.691665918163
477	1426.60457310868
478	817.467064908309
479	591.021894573598
480	832.186000980066
481	2831.69685503557
482	1801.37133001263
483	1212.61388714238
484	626.120895975478
485	2442.21116205987
486	1551.14941679278
487	555.922893171717
488	961.259748070851
489	887.66506771207
490	1385.84444244844
491	410.997984157502
492	832.186000980066
493	1817.22249193606
494	1300.92750357292
495	1659.84309855344
496	5205.97446599502
497	2941.5227626479
498	730.285674329445
499	1782.12349053418
500	1410.75341118525
