0000009
0000055
0000070
0000085
0000096
0000099
0000142
0000143
0000153
0000175
0000334
0000336
0000353
0000382
0000433
0000498
0000534
0000553
0000573
0000611
0000624
0000665
0000672
0000677
0000689
0000747
0000785
0000794
0000796
0000918
0000975
0000998
0001002
0001028
0001030
0001246
0001265
0001317
0001342
0001343
0001396
0001765
0001771
0001875
0001910
0001939
0001942
0001976
0002092
0002123
0002124
0002143
0002144
0002149
0002151
0002156
0002165
0002194
0002210
0002268
0002269
0002287
0002399
0002427
0002494
0002501
0002503
0002527
0002538
0002553
0002578
0002608
0002611
0002655
0002764
0002818
0002844
0002847
0002851
0002877
0002899
0002930
0002953
0002956
0002989
0002990
0003018
0003150
0003160
0003237
0003246
0003247
0003258
0003265
0003293
0003294
0003330
0003350
0003359
0003391
0003402
0003404
0003406
0003411
0003436
0003446
0003467
0003473
0003479
0003530
0003531
0003535
0003558
0003597
0003624
0003663
0003665
0003675
0003685
0003704
0003734
0003750
0003766
0003811
0003888
0003908
0003916
0003944
0003987
0004006
0004018
0004026
0004059
0004077
0004136
0004214
0004254
0004286
0004310
0004330
0004359
0004472
0004490
0004533
0004553
0004595
0004617
0004649
0005296
0005302
0005368
0005392
0005404
0005413
0005464
0005466
0005473
0005511
0005524
0005590
0005672
0005687
0005711
0005721
0005723
0005724
0005762
0005782
0005803
0005806
0005840
0005858
0005871
0005887
0005945
0006085
0006107
0006109
0006110
0006112
0006276
0006308
0006316
0006341
0006401
0006411
0006420
0006439
0006483
0006489
0006494
0006520
0006525
0006532
0006598
0006616
0006641
0006643
0006661
0006701
0006710
0006733
0006783
0006798
0006810
0006816
0006868
0006876
0006914
0006925
0006955
0007031
0007035
0007053
0007158
0007305
0007311
0007328
0007372
0007395
0007404
0007420
0007437
0007440
0007475
0007508
0007516
0007518
0007536
0007537
0007610
0007635
0007669
0007674
0007730
0007754
0007811
0007814
0007931
0007969
0008022
0008043
0008057
0008098
0008100
0008112
0008148
0008158
0008173
0008181
0008206
0008264
0008293
0008335
0008361
0008464
0008499
0008592
0008654
0008674
0008677
0008714
0008731
0008732
0008737
0008767
0008807
0008844
0008972
0008982
0008994
0009038
0009059
0009123
0009129
0009159
0009188
0009231
0009252
0009257
0009284
0009292
0009297
0009318
0009322
0009328
0009365
0009372
0009378
0009379
0009399
0009421
0009423
0009441
0009449
0009454
0009464
0009476
0009479
0009530
0009533
0009572
0009580
0010577
0010622
0010626
0010645
0010651
0010735
0010749
0010785
0010788
0010790
0010816
0010830
0010846
0010847
0010894
0010918
0010951
0010967
0011108
0011132
0011164
0011177
0011198
0011240
0011329
0011331
0011337
0011498
0011505
0011522
0011526
0011549
0011550
0011553
0011574
0011612
0011655
0011708
0011859
0011890
0011908
0011916
0011936
0011953
0011962
0011966
0012001
0012046
0012048
0012150
0012156
0012171
0012201
0012216
0012239
0012259
0012272
0012285
0012340
0012347
0012354
0012374
0012403
0012480
0012511
0012519
0012527
0012547
0012556
0012588
0012652
0012670
0012679
0012683
0012740
0012754
0012792
0012804
0012828
0012841
0012843
0012862
0012879
0012895
0012937
0012944
0012953
0012962
0012997
0013030
0013046
0013048
0013083
0013237
0013254
0013269
0013301
0013349
0013387
0013391
0013426
0013439
0013490
0013504
0013518
0013547
0013559
0013589
0013596
0013603
0013617
0013645
0013664
0013669
0013675
0013690
0013697
0013758
0013881
0013921
0013929
0013982
0014079
0014107
0014191
0014286
0014296
0014324
0014360
0014368
0014395
0014440
0014441
0014448
0014465
0014480
0014606
0014666
0014738
0014783
0014789
0014806
0014850
0014888
0014894
0014915
0014916
0014936
0014948
0014992
0015002
0015090
0015140
0015162
0015180
0015183
0015189
0015191
0015210
0015242
0015244
0015300
0015316
0015323
0015465
0015518
0015552
0015553
0015557
0015583
0015648
0015653
0015654
0015733
0015741
0015770
0015794
0015819
0015861
0015938
0016030
0016084
0016101
0016108
0016137
0016153
0016183
0016203
0016210
0016274
0016276
0016281
0016293
0016322
0016343
0016360
0017616
0017617
0017633
0017640
0017661
0017662
0017692
0017717
0017718
0017737
0017779
0017792
0017841
0017843
0017851
0017873
0017878
0017918
0017938
0017943
0017981
0017983
0018014
0018044
0018062
0018085
0018118
0018136
0018141
0018166
0018188
0018195
0018226
0018245
0018273
0018292
0018305
0018311
0018317
0018375
0018399
0018427
0018451
0018561
0018567
0018569
0018610
0018611
0018662
0018686
0018691
0018702
0018724
0018727
0018784
0018797
0018873
0018877
0018920
0018937
0018962
0019005
0019017
0019025
0019073
0019091
0019096
0019115
0019153
0019185
0019213
0019256
0019259
0019264
0019309
0019313
0019316
0019334
0019337
0019635
0019693
0019765
0019773
0019846
0019896
0019925
0019926
0019927
0019928
0019932
0019946
0019959
0019986
0019989
0020004
0020020
0020048
0020060
0020086
0020106
0020119
0020122
0020132
0020144
0020165
0020270
0020364
0020385
0020388
0020419
0020435
0020439
0020477
0020515
0020525
0020526
0020539
0020607
0020608
0020619
0020688
0020722
0020750
0020820
0020836
0020884
0020946
0020949
0021005
0021012
0021086
0021095
0021107
0021148
0021154
0021281
0021286
0021311
0021316
0021387
0021437
0021446
0021460
0021490
0021508
0021528
0021531
0021542
0021571
0021580
0021588
0021594
0021618
0021662
0021669
0021728
0021730
0021781
0021804
0021816
0021817
0021859
0021862
0021897
0021919
0021932
0021944
0022898
0022907
0022910
0022943
0022953
0022967
0022991
0023029
0023044
0023061
0023063
0023082
0023087
0023101
0023171
0023193
0023255
0023273
0023323
0023338
0023434
0023584
0023590
0023605
0023624
0023643
0023655
0023688
0023710
0023718
0023733
0023738
0023797
0023809
0023826
0023850
0023876
0023891
0023907
0023930
0023936
0023942
0023949
0023964
0023966
0023967
0023988
0023992
0024019
0024057
0024072
0024084
0024110
0024113
0024127
0024237
0024245
0024255
0024296
0024331
0024370
0024458
0024488
0024497
0024502
0024517
0024544
0024593
0024594
0024602
0024639
0024641
0024651
0024655
0024681
0024720
0024797
0024831
0024832
0024880
0024940
0024942
0024947
0024957
0024960
0024963
0024969
0024993
0024994
0025043
0025115
0025116
0025137
0025155
0025167
0025209
0025212
0025223
0025268
0025277
0025346
0025403
0025450
0025478
0025485
0025525
0025533
0025554
0025566
0025576
0025582
0025607
0025633
0025657
0025704
0025739
0025795
0026419
0026434
0026455
0026463
0026529
0026569
0026583
0026636
0026668
0026700
0026739
0026784
0026797
0026812
0026929
0026951
0026962
0026968
0026970
0026996
0027005
0027009
0027032
0027043
0027044
0027133
0027139
0027176
0027177
0027192
0027195
0027216
0027217
0027247
0027261
0027334
0027363
0027397
0027414
0027432
0027445
0027455
0027463
0027469
0027487
0027492
0027505
0027528
0027553
0027556
0027578
0027666
0027691
0027697
0027729
0027739
0027752
0027753
0027763
0027774
0027811
0028211
0028220
0028226
0028233
0028285
0028289
0028293
0028295
0028328
0028365
0028368
0028369
0028396
0028428
0028434
0028558
0028559
0028572
0028639
0028662
0028682
0028724
0028786
0028801
0028809
0028817
0028842
0028862
0028870
0028873
0028888
0028899
0028944
0028959
0028999
0029001
0029008
0029025
0029042
0029123
0029144
0029219
0029327
0029329
0029540
0029543
0029563
0029571
0029577
0029580
0029594
0029606
0029618
0029686
0029964
0030020
0030043
0030085
0030105
0030109
0030131
0030143
0030144
0030187
0030201
0030211
0030261
0030277
0030278
0030287
0030309
0030327
0030336
0030352
0030368
0030383
0030387
0030420
0030423
0030430
0030675
0030677
0030679
0030710
0030723
0030727
0030728
0030788
0030816
0030832
0030853
0030920
0030935
0030957
0030964
0030969
0030999
0031000
0031014
0031061
0031063
0031150
0031195
0031227
0031237
0031244
0031279
0031318
0031423
0031442
0031452
0031474
0031476
0031487
0031495
0031510
0031518
0031531
0031537
0031561
0031568
0031612
0031640
0031649
0031717
0031727
0031729
0031730
0031752
0031798
0031885
0031904
0031912
0032024
0032031
0032045
0032049
0032065
0032069
0032076
0032229
0032239
0032300
0032312
0032317
0032318
0032376
0032379
0032380
0032389
0032396
0032434
0032438
0032473
0032521
0032595
0032596
0032597
0032600
0032610
0032657
0032684
0032758
0032767
0032779
0032795
0032834
0032945
0032955
0033462
0033463
0033504
0033569
0033593
0033626
0033631
0033683
0033686
0033722
0033732
0033752
0033787
0033834
0033838
0033862
0033877
0033887
0033890
0033893
0033932
0033979
0033980
0033987
0034069
0034100
0034165
0034207
0034218
0034221
0034226
0034251
0034303
0034322
0034341
0034506
0034596
0034610
0034628
0034667
0034675
0034717
0034744
0034778
0034800
0034804
0034806
0034816
0034854
0034864
0034897
0034903
0034920
0034949
0034954
0034958
0034973
0035025
0035051
0035069
0035074
0035085
0035126
0035140
0035155
0035160
0035165
0035353
0035354
0035408
0035409
0035420
0035451
0035472
0035477
0035648
0035701
0035726
0035727
0035745
0035782
0035797
0035818
0035820
0035863
0035878
0035922
0035971
0035980
0035982
0035985
0035989
0035997
0035998
0036086
0036101
0036105
0036132
0036172
0036179
0036195
0036214
0036242
0036243
0036248
0036250
0036267
0036311
0036322
0036332
0036349
0036370
0036402
0036444
0036454
0036469
0036472
0036506
0036522
0036525
0036560
0036569
0036627
0036640
0036656
0036700
0036701
0036861
0036883
0036947
0036980
0036984
0037011
0037030
0037039
0037099
0037117
0037136
0037164
0037182
0037196
0037245
0037246
0037280
0037289
0037295
0037348
0037352
0037455
0037481
0037505
0037519
0037610
0037617
0037619
0037695
0037698
0037724
0037755
0037767
0037769
0037826
0037848
0037873
0037890
0037978
0037989
0038810
0038835
0038849
0038880
0038881
0038899
0038901
0038918
0038927
0038932
0038963
0038965
0039000
0039023
0039028
0039044
0039076
0039151
0039179
0039207
0039235
0039243
0039272
0039279
0039300
0039308
0039321
0039333
0039362
0039364
0039385
0039402
0039403
0039461
0039466
0039468
0039478
0039481
0039519
0039530
0039552
0039578
0039711
0039718
0039720
0039761
0039765
0039780
0039804
0039868
0039903
0039927
0040163
0040198
0040206
0040214
0040228
0040239
0040254
0040372
0040378
0040416
0040433
0040460
0040461
0040479
0040492
0040498
0040512
0040549
0040570
0040588
0040696
0040704
0040712
0040756
0040762
0040777
0040823
0040847
0040850
0040888
0040926
0040979
0041185
0041219
0041243
0041276
0041314
0041342
0041349
0041358
0041372
0041421
0041423
0041464
0041477
0041493
0041703
0041750
0041761
0041771
0041814
0041845
0041851
0041855
0041862
0041887
0041926
0041952
0041959
0042043
0042058
0042093
0042104
0042117
0042126
0042159
0042167
0042197
0042225
0042228
0042270
0042286
0042293
0042359
0042400
0042421
0042435
0042439
0042498
0042555
0042561
0042565
0042584
0042586
0042594
0042638
0042647
0042710
0042738
0042767
0042791
0042813
0042837
0042844
0042881
0042901
0042914
0042924
0042942
0042956
0042995
0043017
0043019
0043033
0043046
0043066
0043326
0043344
0043362
0043375
0043402
0043420
0043445
0043447
0043482
0043484
0043567
0043604
0043606
0043620
0043629
0043635
0043649
0043650
0043660
0043679
0043703
0043715
0043759
0043764
0043773
0043806
0043817
0043856
0043903
0043914
0044057
0044063
0044064
0044117
0044129
0044142
0044215
0044218
0044248
0044319
0044320
0044337
0044341
0044351
0044375
0044385
0044389
0044481
0044500
0044529
0044570
0044615
0044634
0044638
0044640
0044647
0044707
0044745
0044799
0045812
0045814
0045820
0045821
0045892
0045897
0045914
0045933
0046004
0046009
0046020
0046034
0046084
0046170
0046178
0046221
0046268
0046284
0046317
0046364
0046376
0046386
0046404
0046405
0046425
0046458
0046516
0046645
0046676
0046832
0046888
0046909
0046911
0046926
0046942
0046954
0047065
0047088
0047100
0047205
0047264
0047272
0047285
0047294
0047310
0047360
0047370
0047407
0047408
0047423
0047425
0047467
0047472
0047637
0047645
0047684
0047692
0047702
0047727
0047759
0047765
0047788
0047801
0047835
0047839
0047844
0047938
0047995
0048010
0048046
0048065
0048099
0048124
0048174
0048197
0048219
0048267
0048322
0048370
0048410
0048453
0048526
0048562
0048615
0048685
0048690
0048725
0048729
0048731
0048773
0048778
0048785
0048835
0048872
0048880
0048910
0048914
0048955
0049003
0049027
0049180
0049189
0049208
0049219
0049221
0049242
0049319
0049352
0049364
0049428
0049441
0049489
0049506
0049513
0049514
0049519
0049526
0049577
0049582
0049586
0049635
0049643
0049653
0049673
0049679
0049682
0049875
0049917
0049923
0049924
0049925
0049974
0049975
0050047
0050063
0050097
0050099
0050103
0050105
0050116
0050143
0050157
0050192
0050214
0050238
0050250
0050255
0050305
0051109
0051129
0051141
0051144
0051178
0051181
0051189
0051192
0051221
0051226
0051307
0051357
0051420
0051496
0051506
0051521
0051533
0051542
0051598
0051631
0051651
0051658
0051796
0051808
0051825
0051849
0051874
0051963
0051970
0052003
0052039
0052042
0052046
0052055
0052064
0052087
0052114
0052136
0052152
0052291
0052292
0052299
0052302
0052322
0052339
0052454
0052460
0052468
0052469
0052509
0052514
0052580
0052606
0052659
0052660
0052662
0052677
0052680
0052691
0052696
0052719
0052750
0052768
0052781
0052785
0052836
0052916
0052918
0052925
0052931
0052935
0052998
0053004
0053009
0053017
0053018
0053020
0053031
0053032
0053149
0053214
0053376
0053380
0053396
0053404
0053410
0053433
0053450
0053488
0053496
0053498
0053500
0053511
0053517
0053519
0053523
0053532
0053536
0053544
0053545
0053564
0053566
0053598
0053636
0053642
0053667
0053816
0053885
0053927
0053966
0053967
0053973
0053976
0053989
0054043
0054055
0054057
0054069
0054096
0054619
0054643
0054693
0054713
0054737
0054741
0054745
0054748
0054787
0054794
0054798
0054854
0054888
0054960
0054985
0055019
0055058
0055078
0055098
0055137
0055138
0055162
0055169
0055219
0055232
0055248
0055252
0055254
0055296
0055358
0055368
0055372
0055396
0055413
0055441
0055448
0055507
0055513
0055575
0055585
0055619
0055630
0055637
0055782
0055821
0055829
0055882
0055948
0055966
0055977
0055983
0056013
0056017
0056040
0056119
