0000153
0000175
0000433
0000498
0000665
0000677
0001028
0001317
0001342
0001343
0001939
0001976
0002123
0002553
0003237
0003359
0003406
0003411
0003436
0003558
0003624
0003685
0003766
0003811
0003987
0004006
0004026
0004136
0004310
0004553
0005296
0005302
0005368
0005404
0005473
0005711
0005721
0005724
0005762
0005806
0005945
0006276
0006308
0006341
0006411
0006439
0006494
0006520
0006810
0006925
0007031
0007053
0007328
0007404
0007516
0007811
0007931
0008022
0008043
0008148
0008158
0008206
0008335
0008464
0008654
0008972
0009252
0009284
0009292
0009372
0009379
0009533
0010749
0010790
0010846
0011108
0011177
0011522
0011526
0011549
0011553
0011936
0011953
0012201
0012239
0012259
0012374
0012403
0012670
0012792
0012804
0012937
0013048
0013301
0013490
0013664
0013929
0014079
0014107
0014286
0014480
0014606
0014738
0014783
0014806
0014850
0014916
0015300
0015316
0015323
0015465
0016101
0016137
0017616
0017692
0017737
0017851
0017943
0018166
0018311
0018375
0018611
0018691
0018877
0019025
0019259
0019264
0019316
0019635
0019773
0019896
0019959
0019986
0020086
0020106
0020132
0020144
0020270
0020607
0020688
0020722
0021005
0021086
0021107
0021148
0021311
0021316
0021460
0021528
0021571
0021588
0021618
0021730
0021804
0021817
0021897
0022898
0023044
0023087
0023273
0023643
0023797
0023850
0023907
0023936
0023942
0023966
0023988
0024072
0024110
0024113
0024245
0024255
0024458
0024544
0024651
0024832
0024947
0024994
0025115
0025209
0025212
0025223
0025450
0025485
0026583
0026636
0026996
0027247
0027363
0027455
0027487
0027556
0028285
0028289
0028365
0028369
0028396
0028428
0028639
0028682
0028862
0028873
0028959
0029008
0029025
0029042
0029123
0029327
0029686
0029964
0030109
0030131
0030144
0030278
0030383
0030387
0030788
0030816
0030832
0030969
0031063
0031423
0031452
0031487
0031495
0031510
0031537
0031904
0032045
0032376
0032379
0032380
0032389
0032657
0032767
0033463
0033834
0033838
0033862
0033890
0033932
0034251
0034897
0034973
0035025
0035069
0035408
0035451
0035727
0035745
0035818
0035820
0035922
0035985
0035997
0036105
0036332
0036370
0036454
0036525
0036656
0036700
0036984
0037136
0037182
0037196
0037455
0037617
0037698
0037755
0037890
0039076
0039235
0039272
0039321
0039461
0039481
0039711
0039718
0039720
0039868
0039927
0040214
0040228
0040460
0040461
0040696
0040762
0040850
0041243
0041372
0041703
0041761
0041814
0042225
0042270
0042293
0042421
0042498
0042647
0042767
0042791
0042813
0042844
0042924
0042995
0043344
0043606
0043629
0043650
0043764
0044063
0044129
0044218
0044248
0044319
0044341
0044389
0044481
0044745
0045814
0045897
0045914
0046004
0046221
0046268
0046405
0046458
0046926
0047065
0047408
0047425
0047702
0047759
0047765
0047995
0048124
0048174
0048370
0048562
0048725
0048729
0048872
0048880
0048955
0049027
0049219
0049428
0049489
0049506
0049514
0049586
0049635
0049679
0049682
0049875
0049923
0049925
0050143
0050157
0050238
0050250
0051192
0051521
0051533
0051963
0052039
0052064
0052136
0052322
0052514
0052580
0052781
0052916
0052935
0052998
0053020
0053031
0053032
0053376
0053396
0053404
0053498
0053517
0053536
0053564
0054043
0054741
0054854
0054985
0055019
0055078
0055138
0055169
0055219
0055252
0055372
0055507
0055630
0055782
0055882
0055977
0055983
0056040
0056119
