0000153
0000175
0000433
0000498
0000624
0000665
0000672
0000677
0000689
0001002
0001028
0001030
0001317
0001342
0001343
0001910
0001939
0001976
0002123
0002151
0002399
0002501
0002538
0002553
0002611
0002818
0002930
0002989
0003150
0003237
0003265
0003293
0003294
0003359
0003391
0003404
0003406
0003411
0003436
0003446
0003479
0003558
0003624
0003685
0003766
0003811
0003888
0003987
0004006
0004026
0004136
0004310
0004553
0005296
0005302
0005368
0005404
0005473
0005511
0005687
0005711
0005721
0005724
0005762
0005806
0005858
0005887
0005945
0006276
0006308
0006341
0006411
0006439
0006494
0006520
0006598
0006643
0006810
0006876
0006925
0006955
0007031
0007053
0007328
0007404
0007508
0007516
0007536
0007537
0007811
0007931
0008022
0008043
0008057
0008148
0008158
0008206
0008335
0008464
0008654
0008674
0008677
0008737
0008807
0008972
0008994
0009252
0009284
0009292
0009372
0009378
0009379
0009530
0009533
0009572
0009580
0010735
0010749
0010785
0010790
0010846
0011108
0011177
0011198
0011505
0011522
0011526
0011549
0011553
0011936
0011953
0012001
0012201
0012239
0012259
0012374
0012403
0012652
0012670
0012792
0012804
0012828
0012937
0012944
0012997
0013048
0013301
0013426
0013490
0013504
0013664
0013675
0013758
0013929
0014079
0014107
0014286
0014360
0014441
0014480
0014606
0014738
0014783
0014806
0014850
0014888
0014916
0015090
0015210
0015300
0015316
0015323
0015465
0015552
0016101
0016108
0016137
0016183
0016203
0016210
0016281
0016360
0017616
0017633
0017640
0017692
0017737
0017779
0017843
0017851
0017918
0017943
0017981
0018141
0018166
0018195
0018311
0018375
0018569
0018611
0018691
0018727
0018873
0018877
0019017
0019025
0019115
0019259
0019264
0019316
0019635
0019773
0019846
0019896
0019946
0019959
0019986
0020048
0020086
0020106
0020132
0020144
0020270
0020388
0020607
0020608
0020619
0020688
0020722
0020884
0021005
0021012
0021086
0021107
0021148
0021311
0021316
0021387
0021460
0021528
0021571
0021588
0021618
0021728
0021730
0021804
0021817
0021897
0022898
0023044
0023087
0023171
0023193
0023273
0023624
0023643
0023797
0023850
0023891
0023907
0023936
0023942
0023966
0023988
0024072
0024110
0024113
0024245
0024255
0024458
0024544
0024651
0024831
0024832
0024942
0024947
0024969
0024994
0025043
0025115
0025209
0025212
0025223
0025450
0025485
0025576
0026583
0026636
0026739
0026996
0027139
0027176
0027247
0027334
0027363
0027455
0027487
0027556
0027691
0028220
0028285
0028289
0028295
0028328
0028365
0028369
0028396
0028428
0028558
0028639
0028682
0028724
0028801
0028862
0028873
0028959
0029001
0029008
0029025
0029042
0029123
0029144
0029327
0029580
0029594
0029618
0029686
0029964
0030109
0030131
0030143
0030144
0030261
0030277
0030278
0030309
0030336
0030383
0030387
0030420
0030788
0030816
0030832
0030957
0030969
0031061
0031063
0031244
0031423
0031452
0031487
0031495
0031510
0031537
0031640
0031729
0031752
0031904
0032031
0032045
0032376
0032379
0032380
0032389
0032396
0032438
0032521
0032595
0032657
0032684
0032767
0033463
0033787
0033834
0033838
0033862
0033890
0033932
0034165
0034221
0034251
0034303
0034610
0034804
0034806
0034854
0034897
0034903
0034920
0034973
0035025
0035069
0035126
0035408
0035420
0035451
0035727
0035745
0035782
0035818
0035820
0035922
0035971
0035982
0035985
0035997
0036105
0036132
0036250
0036311
0036332
0036370
0036402
0036454
0036522
0036525
0036656
0036700
0036947
0036984
0037039
0037117
0037136
0037182
0037196
0037348
0037455
0037617
0037695
0037698
0037724
0037755
0037890
0038899
0039000
0039076
0039207
0039235
0039272
0039321
0039403
0039461
0039481
0039519
0039578
0039711
0039718
0039720
0039868
0039927
0040214
0040228
0040460
0040461
0040696
0040756
0040762
0040850
0040888
0041243
0041372
0041703
0041761
0041814
0041926
0042104
0042225
0042270
0042293
0042359
0042421
0042498
0042584
0042647
0042710
0042767
0042791
0042813
0042844
0042924
0042995
0043344
0043567
0043606
0043620
0043629
0043650
0043715
0043764
0043817
0044057
0044063
0044117
0044129
0044142
0044215
0044218
0044248
0044319
0044341
0044389
0044481
0044570
0044745
0045814
0045820
0045821
0045897
0045914
0046004
0046221
0046268
0046284
0046386
0046405
0046458
0046645
0046676
0046888
0046926
0047065
0047408
0047425
0047467
0047684
0047702
0047759
0047765
0047788
0047938
0047995
0048046
0048124
0048174
0048267
0048370
0048562
0048685
0048725
0048729
0048785
0048835
0048872
0048880
0048955
0049027
0049219
0049428
0049489
0049506
0049514
0049526
0049586
0049635
0049679
0049682
0049875
0049923
0049925
0049974
0050047
0050097
0050105
0050116
0050143
0050157
0050192
0050238
0050250
0051141
0051144
0051189
0051192
0051226
0051357
0051420
0051521
0051533
0051631
0051874
0051963
0052039
0052064
0052114
0052136
0052302
0052322
0052460
0052469
0052514
0052580
0052606
0052660
0052662
0052677
0052719
0052781
0052836
0052916
0052935
0052998
0053004
0053020
0053031
0053032
0053376
0053396
0053404
0053410
0053498
0053517
0053536
0053564
0053566
0054043
0054741
0054748
0054854
0054985
0055019
0055078
0055138
0055169
0055219
0055252
0055372
0055413
0055507
0055630
0055782
0055882
0055966
0055977
0055983
0056040
0056119
