ID 	 NAME 	  <25 	  25<55 	 >55 
1	Aeugst am Albis	596	857	761
10	Obfelden	1741	2366	1880
100	Stadel	619	909	798
1001	Doppleschwand	280	351	206
1002	Entlebuch	1248	1558	1200
1003	Escholzmatt	1246	1498	1123
1004	Flühli	718	902	713
1005	Hasle (LU)	680	825	566
1006	Marbach (LU)	452	533	447
1007	Romoos	293	349	240
1008	Schüpfheim	1464	1777	1460
1009	Werthenstein	706	905	697
101	Steinmaur	1029	1558	1379
102	Weiach	318	467	436
1021	Aesch (LU)	337	453	336
1022	Altwis	126	179	116
1023	Ballwil	894	1229	684
1024	Emmen	8379	11628	11599
1025	Ermensee	327	425	256
1026	Eschenbach (LU)	1184	1566	1091
1027	Gelfingen	325	427	216
1028	Hämikon	174	239	134
1029	Herlisberg	94	133	68
1030	Hitzkirch	887	1132	781
1031	Hochdorf	3052	3895	3127
1032	Hohenrain	824	1017	524
1033	Inwil	795	1095	611
1034	Lieli	57	91	68
1035	Mosen	102	147	97
1036	Müswangen	170	240	123
1037	Rain	817	1060	622
1038	Retschwil	63	88	45
1039	Römerswil	502	656	346
1040	Rothenburg	3029	3987	2785
1041	Schongau	311	404	252
1042	Sulz (LU)	67	97	49
1051	Adligenswil	2535	3220	2057
1052	Buchrain	2313	3161	2057
1053	Dierikon	560	817	430
1054	Ebikon	3844	5193	4461
1055	Gisikon	396	586	310
1056	Greppen	315	462	294
1057	Honau	168	238	110
1058	Horw	4092	5980	7652
1059	Kriens	7313	10048	12400
1060	Littau	5236	7349	6398
1061	Luzen	10931	21037	27138
1062	Malters	2336	3016	2085
1063	Meggen	2117	2936	3618
1064	Meierskappel	410	557	402
1065	Root	1546	2216	1695
1066	Schwarzenberg	603	781	487
1067	Udligenswil	981	1244	837
1068	Vitznau	388	530	664
1069	Weggis	1015	1512	2356
1081	Beromünster	893	1162	862
1082	Büron	792	1009	626
1083	Buttisholz	1147	1469	812
1084	Eich	552	774	474
1085	Geuensee	971	1337	774
1086	Grosswangen	1144	1472	843
1087	Gunzwil	731	908	619
1088	Hildisrieden	663	848	659
1089	Knutwil	668	848	558
1090	Kulmerau	77	115	72
1091	Mauensee	435	605	356
1092	Neudorf	401	506	340
1093	Neuenkirch	2204	2937	1781
1094	Nottwil	1093	1545	831
1095	Oberkirch	1189	1654	993
1096	Pfeffikon	248	318	452
1097	Rickenbach (LU)	808	1023	652
1098	Ruswil	2530	3175	1940
1099	Schenkon	1037	1382	695
11	Ottenbach	873	1207	964
1100	Schlierbach	218	292	208
1101	Schwarzenbach	72	100	94
1102	Sempach	1531	1975	1260
1103	Sursee	2800	3897	3567
1104	Triengen	1199	1511	1070
1105	Wilihof	103	131	59
1106	Winikon	272	351	263
1107	Wolhusen	1594	2030	1531
111	Bäretswil	1732	2500	2293
112	Bubikon	1986	2750	2500
1121	Alberswil	194	285	180
1122	Altbüron	332	431	326
1123	Altishofen	543	727	417
1124	Buchs (LU)	147	187	135
1125	Dagmersellen	1334	1732	1240
1126	Ebersecken	174	223	103
1127	Egolzwil	506	701	399
1128	Ettiswil	726	912	551
1129	Fischbach	267	361	213
113	Dürnten	2403	3333	3147
1130	Gettnau	381	490	288
1131	Grossdietwil	312	409	265
1132	Hergiswil bei Willisau	778	925	474
1133	Kottwil	148	211	112
1134	Langnau bei Reiden	484	666	485
1135	Luthern	617	711	398
1136	Menznau	1123	1398	743
1137	Nebikon	817	1069	873
1138	Ohmstal	120	165	108
1139	Pfaffnau	819	1037	747
114	Fischenthal	772	1011	811
1140	Reiden	1465	1902	1612
1141	Richenthal	281	352	172
1142	Roggliswil	229	314	237
1143	Schötz	1279	1644	1157
1144	Uffikon	244	333	208
1145	Ufhusen	328	418	259
1146	Wauwil	688	868	471
1147	Wikon	470	620	641
1148	Willisau Land	1653	2115	1269
1149	Willisau Stadt	973	1347	1399
115	Gossau (ZH)	3623	5002	4603
1150	Zell (LU)	750	920	682
116	Grüningen	980	1377	1220
117	Hinwil	3627	5156	5247
118	Rüti (ZH)	4081	6113	6158
119	Seegräben	476	709	604
12	Rifferswil	278	389	361
120	Wald (ZH)	2920	3857	4409
1201	Altdorf (UR)	2162	2942	3614
1202	Andermatt	296	417	582
1203	Attinghausen	467	623	448
1204	Bauen	50	74	60
1205	Bürglen (UR)	1298	1621	1089
1206	Erstfeld	918	1206	1704
1207	Flüelen	539	757	605
1208	Göschenen	115	154	184
1209	Gurtnellen	161	213	238
121	Wetzikon (ZH)	5938	8726	8934
1210	Hospental	49	75	86
1211	Isenthal	169	199	147
1212	Realp	37	55	61
1213	Schattdorf	1759	2271	1708
1214	Seedorf (UR)	587	790	511
1215	Seelisberg	177	237	209
1216	Silenen	686	810	689
1217	Sisikon	99	158	147
1218	Spiringen	305	366	231
1219	Unterschächen	261	306	147
1220	Wassen	117	156	173
13	Stallikon	996	1536	1353
1301	Einsiedeln	4084	5598	4898
131	Adliswil	4781	7471	8888
1311	Gersau	576	786	830
132	Hirzel	705	931	796
1321	Feusisberg	1288	1917	1514
1322	Freienbach	4874	7421	6104
1323	Wollerau	2216	3338	2757
133	Horgen	5007	7662	8563
1331	Küssnacht am Rigi	3522	4988	4078
134	Hütten	296	424	372
1341	Altendorf	2021	2830	1904
1342	Galgenen	1463	2076	1781
1343	Innerthal	47	72	62
1344	Lachen	2186	3210	3115
1345	Reichenburg	1095	1436	1054
1346	Schübelbach	3056	4104	2433
1347	Tuggen	885	1224	813
1348	Vorderthal	330	408	302
1349	Wangen (SZ)	1822	2450	1668
135	Kilchberg (ZH)	2013	3320	4503
136	Langnau am Albis	2097	3078	3834
1361	Alpthal	156	214	162
1362	Arth	3042	4123	3799
1363	Illgau	278	355	172
1364	Ingenbohl	2343	3190	2965
1365	Lauerz	324	436	272
1366	Morschach	289	401	287
1367	Muotathal	1257	1520	903
1368	Oberiberg	226	314	307
1369	Riemenstalden	20	33	25
137	Oberrieden	1492	2238	3011
1370	Rothenthurm	696	926	482
1371	Sattel	513	655	465
1372	Schwyz	4489	6076	5040
1373	Steinen	980	1313	843
1374	Steinerberg	344	431	155
1375	Unteriberg	765	965	644
138	Richterswil	3972	5563	5789
139	Rüschlikon	1502	2330	3121
14	Wettswil am Albis	1385	1985	2476
140	Schönenberg (ZH)	707	935	838
1401	Alpnach	1967	2636	1827
1402	Engelberg	1061	1539	1772
1403	Giswil	1270	1582	1198
1404	Kerns	1884	2483	1802
1405	Lungern	673	873	910
1406	Sachseln	1645	2135	1775
1407	Sarnen	3304	4426	3970
141	Thalwil	4743	7927	9326
142	Wädenswil	5600	8470	8904
1501	Beckenried	860	1273	1076
1502	Buochs	1845	2551	2023
1503	Dallenwil	559	718	453
1504	Emmetten	340	498	420
1505	Ennetbürgen	1385	1977	1695
1506	Ennetmoos	760	1053	550
1507	Hergiswil (NW)	1336	2164	2618
1508	Oberdorf (NW)	1108	1522	943
1509	Stans	1945	2899	2634
151	Erlenbach (ZH)	1629	2372	2888
1510	Stansstad	1292	2130	2038
1511	Wolfenschiessen	653	833	490
152	Herrliberg	1792	2677	3204
153	Hombrechtikon	2647	3518	3327
154	Küsnacht (ZH)	3805	5689	8356
155	Männedorf	2805	4385	5704
156	Meilen	3515	5567	7092
157	Oetwil am See	1537	2261	1546
158	Stäfa	3961	5823	7423
159	Uetikon am See	1820	2718	2781
160	Zumikon	1515	2084	3062
1601	Betschwanden	46	68	70
1602	Bilten	606	847	661
1603	Braunwald	88	148	140
1604	Diesbach (GL)	48	75	95
1605	Elm	235	287	243
1606	Engi	155	216	293
1607	Ennenda	717	960	1148
1608	Filzbach	149	226	179
1609	Glarus	1474	2099	2617
161	Zollikon	3324	5216	7827
1610	Haslen	207	271	206
1611	Hätzingen	84	119	129
1612	Leuggelbach	44	64	59
1613	Linthal	329	424	384
1614	Luchsingen	199	264	268
1615	Matt	108	153	139
1616	Mitlödi	288	395	441
1617	Mollis	837	1172	1219
1618	Mühlehorn	124	173	159
1619	Näfels	1116	1478	1577
1620	Netstal	821	1101	1198
1621	Nidfurn	80	115	110
1622	Niederurnen	1106	1419	1500
1623	Oberurnen	665	918	705
1624	Obstalden	121	174	192
1625	Riedern	249	348	316
1626	Rüti (GL)	95	129	130
1627	Schwanden (GL)	624	842	1109
1628	Schwändi	123	175	222
1629	Sool	75	106	118
1701	Baar	6149	9953	8916
1702	Cham	4592	6772	5189
1703	Hünenberg	2881	3975	2864
1704	Menzingen	1403	1923	1224
1705	Neuheim	771	1096	553
1706	Oberägeri	1409	2085	1777
1707	Risch	3056	4537	2512
1708	Steinhausen	3036	4391	3096
1709	Unterägeri	2067	3013	2798
171	Bauma	1524	2052	1699
1710	Walchwil	1032	1558	1516
1711	Zug	5137	8738	9994
172	Fehraltorf	1860	2774	2051
173	Hittnau	1404	1977	1273
174	Illnau-Effretikon	4739	7428	8093
175	Kyburg	153	256	134
176	Lindau	1811	2487	2281
177	Pfäffikon	3707	5324	5271
178	Russikon	1489	2039	1779
179	Sternenberg	102	159	168
180	Weisslingen	1113	1494	1258
181	Wila	650	923	798
182	Wildberg	329	459	351
191	Dübendorf	6065	10158	10698
192	Egg	2779	3901	3796
193	Fällanden	2368	3459	3761
194	Greifensee	1858	2596	2429
195	Maur	3083	4530	4720
196	Mönchaltorf	1171	1678	1512
197	Schwerzenbach	1407	2271	1954
198	Uster	9013	13569	12812
199	Volketswil	4789	7511	5689
2	Affoltern am Albis	3647	5200	4846
200	Wangen-Brüttisellen	2459	3826	2878
2001	Aumont	144	195	161
2002	Autavaux	77	109	90
2003	Bollion	46	77	54
2004	Bussy (FR)	89	134	126
2005	Châbles	206	278	223
2007	Chapelle (Broye)	19	29	21
2008	Châtillon (FR)	112	161	158
2009	Cheiry	99	139	106
2010	Cheyres	243	357	459
2011	Cugy (FR)	337	448	424
2012	Delley	131	188	224
2013	Domdidier	853	1104	898
2014	Dompierre (FR)	249	353	257
2015	Estavayer-le-Lac	1537	2077	2075
2016	Fétigny	254	349	303
2017	Font	115	166	135
2018	Forel (FR)	141	192	153
2020	Frasses	57	87	48
2022	Gletterens	214	309	315
2023	Granges-de-Vesin	60	86	49
2024	Léchelles	239	327	256
2025	Lully (FR)	163	220	196
2026	Mannens-Grandsivaz	205	271	163
2027	Ménières	103	145	110
2029	Montagny (FR)	474	617	718
2031	Montbrelloz	123	166	99
2032	Montet (Broye)	151	214	159
2033	Morens (FR)	51	73	55
2034	Murist	154	210	192
2035	Nuvilly	113	151	139
2036	Portalban	110	161	173
2037	Praratoud	19	31	25
2038	Prévondavaux	21	34	23
2039	Rueyres-les-Prés	95	129	92
2040	Russy	70	102	87
2041	Saint-Aubin (FR)	501	637	509
2042	Seiry	86	135	71
2043	Sévaz	61	101	62
2044	Surpierre	76	100	99
2045	Vallon	109	148	118
2046	Vesin	114	155	127
2047	Villeneuve (FR)	80	129	127
2049	Vuissens	54	77	56
2061	Auboranges	88	127	75
2062	Berlens	102	139	65
2063	Billens-Hennens	234	304	232
2064	Bionnens	26	40	30
2066	Chapelle (Glâne)	84	118	87
2067	Le Châtelard	131	169	118
2068	Châtonnaye	199	275	237
2069	Chavannes-les-Forts	139	177	120
2070	Chavannes-sous-Orsonnens	100	138	78
2071	Les Ecasseys	20	32	16
2072	Ecublens (FR)	104	143	75
2074	Esmonts	61	85	65
2075	Estévenens	39	59	47
2077	Gillarens	76	105	88
2079	Grangettes	53	74	47
2081	La Joux (FR)	142	177	126
2082	Lieffrens	21	33	20
2083	Lussy (FR)	163	210	126
2085	La Magne	16	23	14
2086	Massonnens	171	226	123
2087	Mézières (FR)	273	349	250
2088	Middes	117	184	152
2089	Montet (Glâne)	81	128	127
2091	Mossel	49	70	48
2092	La Neirigue	21	32	20
2093	Orsonnens	111	159	113
2094	Prez-vers-Siviriez	95	127	106
2095	Promasens	91	140	127
2096	Romont (FR)	1326	1849	1950
2097	Rue	211	313	231
2099	Siviriez	368	462	376
21	Adlikon	210	275	199
2100	Sommentier	86	123	90
2101	Torny-le-Grand	127	177	113
2102	Ursy	315	406	367
2103	Vauderens	207	276	167
2105	Villaraboud	95	135	84
2107	Villargiroud	157	203	126
2108	Villariaz	148	195	123
2109	Villarimboud	196	246	156
211	Altikon	212	304	243
2110	Villarsiviriaux	75	109	76
2111	Villaz-Saint-Pierre	344	472	319
2112	Vuarmarens	143	187	138
2113	Vuisternens-devant-Romont	206	270	161
212	Bertschikon	373	497	354
2121	Albeuve	197	267	294
2122	Avry-devant-Pont	173	241	186
2123	Botterens	126	199	167
2124	Broc	685	933	1102
2125	Bulle	4019	5621	5523
2126	Cerniat (FR)	113	166	126
2127	Charmey	567	719	824
2128	Châtel-sur-Montsalvens	70	104	100
2129	Corbières	161	233	154
213	Brütten	680	975	931
2130	Crésuz	74	122	220
2131	Echarlens	254	354	245
2132	Enney	177	256	291
2133	Estavannens	112	150	108
2134	Grandvillard	232	304	262
2135	Gruyères	547	754	714
2136	Gumefens	266	373	277
2137	Hauteville	191	273	218
2138	Jaun	249	303	291
2139	Lessoc	72	92	77
214	Dägerlen	345	475	360
2140	Marsens	453	581	424
2141	Maules	87	117	80
2142	Montbovon	68	108	140
2143	Morlon	238	338	274
2144	Neirivue	112	164	160
2145	Le Pâquier (FR)	400	515	366
2146	Le Bry	109	153	129
2147	Pont-la-Ville	196	278	174
2148	Riaz	820	1107	868
2149	La Roche	466	615	506
215	Dättlikon	230	339	264
2150	Romanens	106	136	89
2151	Rueyres-Treyfayes	49	71	48
2152	Sâles (Gruyère)	236	308	227
2153	Sorens	273	371	358
2154	La Tour-de-Trême	1543	2175	1795
2155	Vaulruz	315	429	323
2156	Villarbeney	39	62	61
2158	Villars-sous-Mont	63	113	104
2159	Villarvolard	87	130	109
216	Dinhard	513	711	753
2160	Vuadens	656	831	732
2161	Vuippens	97	142	99
217	Elgg	1216	1698	1843
2171	Arconciel	294	393	309
2172	Autafond	24	38	28
2173	Autigny	249	351	198
2174	Avry-sur-Matran	669	890	421
2175	Belfaux	998	1318	905
2176	Bonnefontaine	223	321	248
2177	Chénens	260	338	160
2179	Chésopelloz	37	58	39
218	Ellikon an der Thur	291	411	318
2180	La Corbaz	146	208	119
2181	Corjolens	24	40	26
2182	Cormagens	45	78	50
2183	Corminboeuf	877	1139	742
2184	Corpataux-Magnedens	373	512	288
2185	Corserey	114	155	108
2186	Cottens (FR)	467	630	422
2188	Ecuvillens	362	495	383
2189	Ependes (FR)	519	662	342
219	Elsau	1220	1630	1655
2190	Essert (FR)	154	232	180
2191	Estavayer-le-Gibloux	45	68	67
2192	Farvagny	916	1166	648
2194	Ferpicloz	78	118	114
2196	Fribourg	9585	16163	13810
2197	Givisiez	1028	1535	795
2198	Granges-Paccot	977	1449	780
22	Benken (ZH)	272	388	294
220	Hagenbuch	404	600	394
2200	Grolley	717	978	548
2202	Lentigny	256	394	235
2203	Lossy-Formangueires	214	293	171
2204	Lovens	58	91	67
2206	Marly	2992	3996	3334
2208	Matran	658	858	535
221	Hettlingen	1143	1565	1559
2210	Montévraz	195	287	159
2211	Neyruz (FR)	897	1103	703
2213	Noréaz	179	244	199
2214	Oberried (FR)	73	101	68
2215	Onnens (FR)	259	367	190
2216	Pierrafortscha	44	73	61
2217	Ponthaux	202	280	179
2219	Posieux	471	630	345
222	Hofstetten bei Elgg	139	190	181
2220	Praroman	481	628	453
2221	Prez-vers-Noréaz	393	497	319
2222	Rossens (FR)	532	750	473
2223	Rueyres-Saint-Laurent	107	157	114
2225	Senèdes	40	69	60
2226	Treyvaux	507	632	515
2227	Villarlod	114	168	115
2228	Villars-sur-Glâne	4262	5850	4062
2229	Villarsel-le-Gibloux	109	161	99
223	Neftenbach	1956	2730	2011
2230	Villarsel-sur-Marly	32	51	32
2231	Vuisternens-en-Ogoz	289	412	241
2232	Zénauva	46	72	54
224	Pfungen	1029	1507	1372
2241	Agriswil	49	80	52
2243	Barberêche	190	268	212
2244	Büchslen	51	73	63
2247	Cordast	374	507	290
225	Rickenbach (ZH)	884	1260	1517
2250	Courgevaux	477	636	471
2251	Courlevon	91	129	128
2253	Courtaman	419	578	342
2254	Courtepin	656	929	577
2257	Cressier (FR)	277	402	298
2258	Fräschels	172	249	176
2259	Galmiz	179	270	269
226	Schlatt	235	317	279
2260	Gempenach	98	149	111
2261	Greng	55	102	79
2262	Gurmels	665	853	593
2263	Guschelmuth	119	158	107
2264	Jeuss	162	231	145
2265	Kerzers	1570	2165	1701
2266	Kleinbösingen	248	371	208
2269	Liebistorf	279	373	237
227	Seuzach	2408	3486	3907
2270	Lurtigen	59	86	69
2271	Meyriez	253	327	297
2272	Misery-Courtion	568	742	530
2274	Muntelier	295	473	465
2275	Murten	1798	2536	2771
2276	Ried bei Kerzers	267	349	251
2277	Salvenach	149	222	188
2278	Ulmiz	129	191	161
2279	Villarepos	202	278	271
228	Turbenthal	1607	2085	1647
2280	Bas-Vully	549	824	887
2281	Haut-Vully	345	509	635
2282	Wallenbuch	47	64	40
2283	Wallenried	168	233	189
229	Wiesendangen	1625	2179	2577
2291	Alterswil	751	963	687
2292	Brünisried	212	278	215
2293	Düdingen	3013	4087	3016
2294	Giffers	616	843	566
2295	Bösingen	1317	1731	1060
2296	Heitenried	463	613	413
2298	Oberschrot	410	520	372
2299	Plaffeien	652	885	860
23	Berg am Irchel	209	299	263
230	Winterthur	22220	36147	38714
2300	Plasselb	341	499	424
2301	Rechthalten	396	527	425
2302	St. Antoni	741	952	633
2303	St. Silvester	396	504	276
2304	St. Ursen	488	662	416
2305	Schmitten (FR)	1529	2028	1499
2306	Tafers	1058	1376	1289
2307	Tentlingen	512	694	514
2308	Ueberstorf	808	1119	925
2309	Wünnewil-Flamatt	1919	2622	2162
231	Zell (ZH)	1805	2535	2680
2310	Zumholz	170	233	146
2321	Attalens	1065	1418	895
2322	Besencens	58	79	51
2323	Bossonnens	463	643	383
2324	Bouloz	107	143	101
2325	Châtel-Saint-Denis	1642	2343	2065
2326	Le Crêt	150	190	181
2327	Fiaugères	62	92	76
2328	Granges (Veveyse)	259	367	388
2329	Grattavache	89	126	101
2330	Pont (Veveyse)	69	100	58
2331	Porsel	146	201	156
2332	Progens	96	146	100
2333	Remaufens	322	430	263
2335	Saint-Martin (FR)	211	276	178
2336	Semsales	377	487	458
24	Buch am Irchel	287	387	304
2401	Egerkingen	903	1344	1055
2402	Härkingen	421	573	447
2403	Kestenholz	472	656	569
2404	Neuendorf	677	949	588
2405	Niederbuchsiten	282	401	294
2406	Oberbuchsiten	581	874	751
2407	Oensingen	1432	2020	2020
2408	Wolfwil	527	695	840
241	Aesch bei Birmensdorf	325	492	535
242	Birmensdorf (ZH)	1657	2715	3153
2421	Aedermannsdorf	140	188	184
2422	Balsthal	1552	2070	2166
2423	Gänsbrunnen	24	37	30
2424	Herbetswil	162	210	209
2425	Holderbank (SO)	142	218	292
2426	Laupersdorf	479	604	618
2427	Matzendorf	396	494	428
2428	Mümliswil-Ramiswil	716	884	825
2429	Welschenrohr	289	370	493
243	Dietikon	6406	9489	10399
244	Geroldswil	1487	2273	2227
2441	Aetigkofen	50	74	56
2442	Aetingen	76	108	111
2443	Balm bei Messen	27	40	35
2444	Bibern (SO)	55	84	80
2445	Biezwil	82	131	108
2446	Brügglen	48	75	74
2447	Brunnenthal	52	81	74
2449	Gossliwil	50	77	61
245	Oberengstringen	1744	2805	3827
2450	Hessigkofen	67	96	71
2452	Küttigkofen	70	103	90
2453	Kyburg-Buchegg	88	126	116
2454	Lüsslingen	122	177	208
2455	Lüterkofen-Ichertswil	187	267	273
2456	Lüterswil-Gächliwil	91	128	112
2457	Messen	293	383	306
2458	Mühledorf (SO)	98	131	104
2459	Nennigkofen	134	182	166
246	Oetwil an der Limmat	634	1054	1282
2460	Oberramsern	24	37	32
2461	Schnottwil	278	394	278
2462	Tscheppach	53	83	61
2463	Unterramsern	54	83	55
247	Schlieren	3767	5887	6160
2471	Bättwil	418	555	354
2472	Büren (SO)	310	442	373
2473	Dornach	1571	2403	2685
2474	Gempen	217	323	253
2475	Hochwald	379	520	432
2476	Hofstetten-Flüh	842	1159	1193
2477	Metzerlen	224	316	352
2478	Nuglar-St. Pantaleon	465	655	543
2479	Rodersdorf	408	544	500
248	Uitikon	1112	1680	2357
2480	Seewen	274	380	374
2481	Witterswil	395	535	518
249	Unterengstringen	883	1350	1725
2491	Hauenstein-Ifenthal	76	114	91
2492	Kienberg	147	201	146
2493	Lostorf	1188	1620	1514
2494	Niedererlinsbach	646	862	1017
2495	Niedergösgen	1228	1656	1624
2496	Obererlinsbach	248	400	324
2497	Obergösgen	664	930	869
2498	Rohr (SO)	24	37	28
2499	Stüsslingen	302	383	320
25	Dachsen	661	897	1019
250	Urdorf	2941	4561	4936
2500	Trimbach	1879	2513	2757
2501	Winznau	502	717	776
2502	Wisen (SO)	132	192	161
251	Weiningen (ZH)	1418	2184	1774
2511	Aeschi (SO)	357	464	410
2513	Biberist	2119	3047	3972
2514	Bolken	198	267	176
2516	Deitingen	557	731	875
2517	Derendingen	1870	2665	2427
2518	Etziken	214	293	291
2519	Gerlafingen	1523	2049	2090
2520	Halten	267	377	351
2521	Heinrichswil-Winistorf	160	232	183
2522	Hersiwil	51	73	52
2523	Horriwil	261	362	372
2524	Hüniken	22	38	34
2525	Kriegstetten	354	542	460
2526	Lohn-Ammannsegg	785	1039	1206
2527	Luterbach	968	1421	1455
2528	Obergerlafingen	314	461	525
2529	Oekingen	232	318	277
2530	Recherswil	527	719	727
2531	Steinhof	39	55	52
2532	Subingen	819	1154	890
2534	Zuchwil	2598	3931	3929
2541	Balm bei Günsberg	54	88	70
2542	Bellach	1516	2072	2358
2543	Bettlach	1409	2053	2107
2544	Feldbrunnen-St. Niklaus	219	317	514
2545	Flumenthal	319	453	416
2546	Grenchen	3290	5017	7597
2547	Günsberg	280	380	486
2548	Hubersdorf	247	318	215
2549	Kammersrohr	10	17	11
2550	Langendorf	938	1342	1833
2551	Lommiswil	458	620	675
2552	Niederwil (SO)	114	164	151
2553	Oberdorf (SO)	514	704	789
2554	Riedholz	479	684	761
2555	Rüttenen	398	585	695
2556	Selzach	916	1226	1394
2571	Boningen	239	364	210
2572	Däniken	870	1277	1092
2573	Dulliken	1527	2039	1983
2574	Eppenberg-Wöschnau	101	157	128
2575	Fulenbach	461	636	520
2576	Gretzenbach	944	1223	803
2578	Gunzgen	486	737	638
2579	Hägendorf	1308	1816	1943
2580	Kappel (SO)	890	1241	1094
2581	Olten	3353	5610	7738
2582	Rickenbach (SO)	256	408	353
2583	Schönenwerd	1441	1964	1998
2584	Starrkirch-Wil	422	604	676
2585	Walterswil (SO)	213	322	295
2586	Wangen bei Olten	1359	1966	2072
26	Dorf	222	334	219
2601	Solothurn	3057	5337	6746
261	Zürich	72221	142644	145787
2611	Bärschwil	256	334	293
2612	Beinwil (SO)	98	123	72
2613	Breitenbach	938	1262	1101
2614	Büsserach	544	721	677
2615	Erschwil	271	347	311
2616	Fehren	173	224	198
2617	Grindel	143	193	165
2618	Himmelried	288	437	341
2619	Kleinlützel	321	433	546
2620	Meltingen	178	241	204
2621	Nunningen	540	719	686
2622	Zullwil	165	230	201
27	Feuerthalen	1039	1603	1982
27013	Basel	31761	60148	76328
2702	Bettingen	387	519	621
2703	Riehen	5797	7906	14434
2761	Aesch (BL)	3071	4302	4143
2762	Allschwil	3774	5916	8653
2763	Arlesheim	2345	3392	4845
2764	Biel-Benken	873	1160	1399
2765	Binningen	3507	5475	8175
2766	Birsfelden	2315	3763	5857
2767	Bottmingen	1524	2112	3202
2768	Ettingen	1538	2101	2079
2769	Münchenstein	2647	3802	5257
2770	Muttenz	3928	5483	7605
2771	Oberwil (BL)	2708	3962	4942
2772	Pfeffingen	684	908	955
2773	Reinach (BL)	4161	6135	8428
2774	Schönenbuch	419	599	662
2775	Therwil	2784	3879	4406
2781	Blauen	212	291	234
2782	Brislach	479	662	482
2783	Burg im Leimental	65	103	101
2784	Dittingen	175	263	314
2785	Duggingen	393	597	504
2786	Grellingen	555	818	667
2787	Laufen	1521	2166	1951
2788	Liesberg	354	478	436
2789	Nenzlingen	122	178	139
2790	Roggenburg	76	111	98
2791	Röschenz	542	766	578
2792	Wahlen	439	573	432
2793	Zwingen	626	947	679
28	Flaach	431	563	449
2821	Arisdorf	425	573	606
2822	Augst	235	372	445
2823	Bubendorf	1651	2151	1650
2824	Frenkendorf	1817	2723	2554
2825	Füllinsdorf	1128	1668	2186
2826	Giebenach	274	447	335
2827	Hersberg	80	131	134
2828	Lausen	1714	2453	1983
2829	Liestal	3339	5038	5185
2830	Lupsingen	415	566	666
2831	Pratteln	3740	5426	5830
2832	Ramlinsburg	223	341	319
2833	Seltisberg	421	548	695
2834	Ziefen	461	607	524
2841	Anwil	162	222	173
2842	Böckten	240	366	332
2843	Buckten	209	307	354
2844	Buus	285	381	374
2845	Diepflingen	192	284	224
2846	Gelterkinden	1536	2149	2294
2847	Häfelfingen	81	112	97
2848	Hemmiken	78	115	108
2849	Itingen	610	863	772
2850	Känerkinden	156	244	238
2851	Kilchberg (BL)	27	44	40
2852	Läufelfingen	357	493	544
2853	Maisprach	278	393	337
2854	Nusshof	57	91	71
2855	Oltingen	121	173	132
2856	Ormalingen	583	799	628
2857	Rickenbach (BL)	197	285	232
2858	Rothenfluh	215	293	266
2859	Rümlingen	103	157	141
2860	Rünenberg	233	323	280
2861	Sissach	1767	2600	2796
2862	Tecknau	312	438	321
2863	Tenniken	345	467	334
2864	Thürnen	424	601	521
2865	Wenslingen	203	284	254
2866	Wintersingen	164	251	235
2867	Wittinsburg	120	178	157
2868	Zeglingen	116	166	197
2869	Zunzgen	906	1224	1093
2881	Arboldswil	153	208	204
2882	Bennwil	187	284	171
2883	Bretzwil	229	312	283
2884	Diegten	450	621	487
2885	Eptingen	155	217	195
2886	Hölstein	810	1084	984
2887	Lampenberg	139	196	208
2888	Langenbruck	279	407	352
2889	Lauwil	91	126	116
2890	Liedertswil	46	70	51
2891	Niederdorf	521	687	717
2892	Oberdorf (BL)	634	860	993
2893	Reigoldswil	410	565	687
2894	Titterten	111	166	171
2895	Waldenburg	350	483	574
29	Flurlingen	497	745	809
2901	Gächlingen	218	292	309
2902	Guntmadingen	68	92	80
2903	Löhningen	367	523	476
2904	Neunkirch	501	673	680
2905	Osterfingen	104	141	110
2911	Altdorf (SH)	56	76	72
2912	Barzheim	39	57	55
2913	Bibern (SH)	68	95	93
2914	Büttenhardt	120	172	141
2915	Dörflingen	229	317	277
2916	Hofen	36	53	56
2917	Lohn (SH)	245	314	242
2918	Opfertshofen (SH)	38	54	39
2919	Stetten (SH)	319	425	435
2920	Thayngen	1086	1545	2077
2931	Bargen (SH)	57	87	87
2932	Beringen	948	1347	1488
2933	Buchberg	222	309	283
2934	Hemmental	147	209	206
2936	Merishausen	201	271	259
2937	Neuhausen am Rheinfall	2679	3900	5226
2938	Rüdlingen	192	284	288
2939	Schaffhausen	7292	11327	14337
2951	Beggingen	139	182	188
2952	Schleitheim	465	599	722
2953	Siblingen	225	310	364
2961	Buch (SH)	75	111	97
2962	Hemishofen	105	157	161
2963	Ramsen	375	480	409
2964	Stein am Rhein	687	984	1511
2971	Hallau	519	685	755
2972	Oberhallau	114	159	144
2973	Trasadingen	128	190	241
2974	Wilchingen	388	488	414
3	Bonstetten	1713	2602	1856
30	Andelfingen	495	693	961
3001	Herisau	3802	5492	5759
3002	Hundwil	296	375	341
3003	Schönengrund	139	178	160
3004	Schwellbrunn	430	564	482
3005	Stein (AR)	372	494	489
3006	Urnäsch	612	836	866
3007	Waldstatt	598	778	775
301	Aarberg	1043	1530	1615
302	Bargen (BE)	257	335	368
3021	Bühler	428	599	643
3022	Gais	771	1036	1232
3023	Speicher	1214	1731	1958
3024	Teufen (AR)	1537	2194	2806
3025	Trogen	502	682	685
303	Grossaffoltern	799	1050	1176
3031	Grub (AR)	304	399	372
3032	Heiden	1095	1476	1695
3033	Lutzenberg	367	522	414
3034	Rehetobel	442	630	754
3035	Reute (AR)	187	275	283
3036	Wald (AR)	262	345	326
3037	Walzenhausen	575	792	831
3038	Wolfhalden	467	621	739
304	Kallnach	408	554	578
305	Kappelen	286	416	436
306	Lyss	2989	4381	4073
307	Meikirch	706	997	1007
308	Niederried bei Kallnach	69	110	119
309	Radelfingen	334	453	435
31	Henggart	690	1033	1019
310	Rapperswil (BE)	551	765	801
3101	Appenzell	1781	2388	2203
3102	Gonten	485	587	431
3103	Rüte	1100	1333	997
3104	Schlatt-Haslen	415	492	301
3105	Schwende	845	1035	816
311	Schüpfen	928	1329	1065
3111	Oberegg	563	708	731
312	Seedorf (BE)	781	1106	1068
32	Humlikon	150	240	228
3201	Häggenschwil	412	506	297
3202	Muolen	355	475	330
3203	St. Gallen	15267	26529	28264
3204	Wittenbach	2834	3917	4114
321	Aarwangen	1135	1564	1651
3211	Berg (SG)	305	415	402
3212	Eggersriet	708	909	777
3213	Goldach	2809	3931	4524
3214	Mörschwil	1227	1632	1202
3215	Rorschach	2096	3120	3630
3216	Rorschacherberg	2107	2905	3111
3217	Steinach	1009	1475	1661
3218	Tübach	357	539	510
3219	Untereggen	381	475	267
322	Auswil	124	175	173
323	Bannwil	170	233	252
3231	Au (SG)	2271	3095	3001
3232	Balgach	1398	1858	1841
3233	Berneck	1194	1566	1506
3234	Diepoldsau	1901	2389	1623
3235	Rheineck	879	1235	1375
3236	St. Margrethen	1570	2086	2093
3237	Thal	2090	2868	2575
3238	Widnau	2961	3880	3161
324	Bleienbach	181	269	270
325	Busswil bei Melchnau	47	69	77
3251	Altstätten	2997	4153	3853
3252	Eichberg	539	714	411
3253	Marbach (SG)	747	932	712
3254	Oberriet (SG)	2767	3389	2351
3255	Rebstein	1463	1930	1870
3256	Rüthi (SG)	646	796	671
326	Gondiswil	180	236	306
327	Gutenburg	16	28	26
3271	Buchs (SG)	2853	4106	4043
3272	Gams	977	1213	915
3273	Grabs	2346	3072	2599
3274	Sennwald	1475	1968	1675
3275	Sevelen	1665	2290	1580
3276	Wartau	1589	2027	1845
328	Kleindietwil	133	175	202
329	Langenthal	3610	5196	6189
3291	Bad Ragaz	1433	1998	2222
3292	Flums	1676	2080	1689
3293	Mels	2700	3407	2580
3294	Pfäfers	533	684	560
3295	Quarten	882	1105	1002
3296	Sargans	1474	2011	2013
3297	Vilters-Wangs	1407	1779	1259
3298	Walenstadt	1449	1870	1904
33	Kleinandelfingen	699	974	814
330	Leimiswil	126	171	154
331	Lotzwil	585	834	1057
3311	Amden	458	603	705
3312	Benken (SG)	807	983	694
3313	Kaltbrunn	1301	1655	1191
3314	Rieden	201	272	264
3315	Schänis	1194	1488	1098
3316	Weesen	372	542	691
332	Madiswil	493	689	765
333	Melchnau	386	513	588
3331	Ernetschwil	447	590	433
3332	Eschenbach (SG)	1778	2246	1682
3333	Goldingen	333	430	332
3334	Gommiswald	835	1116	1081
3335	Jona	5761	8427	8036
3336	Rapperswil (SG)	1711	2859	3305
3337	St. Gallenkappel	583	765	470
3338	Schmerikon	1038	1395	1217
3339	Uznach	1787	2281	2033
334	Obersteckholz	94	130	163
335	Oeschenbach	77	106	88
3351	Alt St. Johann	454	594	546
3352	Ebnat-Kappel	1388	1776	2192
3354	Krummenau	414	549	649
3355	Nesslau	511	635	775
3356	Stein (SG)	113	147	143
3357	Wildhaus	336	450	556
336	Reisiswil	48	76	68
337	Roggwil (BE)	977	1318	1706
3371	Brunnadern	270	358	298
3372	Hemberg	295	369	321
3373	Krinau	71	102	109
3374	Lichtensteig	511	779	831
3375	Oberhelfenschwil	398	507	504
3376	St. Peterzell	369	479	394
3377	Wattwil	2408	3070	3452
338	Rohrbach	369	515	625
339	Rohrbachgraben	144	177	137
3391	Bütschwil	1135	1418	1232
3392	Kirchberg (SG)	2806	3529	2658
3393	Lütisburg	426	566	426
3394	Mosnang	982	1164	882
34	Laufen-Uhwiesen	544	769	857
340	Rütschelen	150	200	239
3401	Degersheim	1149	1495	1569
3402	Flawil	2929	3933	3612
3403	Ganterschwil	373	469	354
3405	Jonschwil	1209	1512	930
3406	Mogelsberg	664	848	790
3407	Oberuzwil	1778	2285	2260
3408	Uzwil	3812	5046	4312
341	Schwarzhäusern	121	164	188
342	Thunstetten	920	1285	1439
3421	Bronschhofen	1702	2361	1615
3422	Niederbüren	489	604	382
3423	Niederhelfenschwil	951	1186	683
3424	Oberbüren	1364	1794	1145
3425	Wil (SG)	4170	6446	7135
3426	Zuzwil (SG)	1519	1962	1263
343	Untersteckholz	38	61	55
344	Ursenbach	245	319	342
3441	Andwil (SG)	522	693	571
3442	Gaiserwald	2891	3878	3263
3443	Gossau (SG)	4765	6503	6002
3444	Waldkirch	1054	1281	977
345	Wynau	403	568	722
35	Marthalen	645	878	691
3501	Alvaschein	38	52	50
3502	Mon	22	35	33
3503	Mutten	18	30	38
3504	Stierva	32	54	45
3505	Tiefencastel	68	106	103
3506	Vaz/Obervaz	717	1040	1027
351	Bern	22721	47044	51810
3511	Alvaneu	93	136	186
3512	Brienz/Brinzauls	24	40	49
3513	Lantsch/Lenz	116	173	233
3514	Schmitten (GR)	55	85	137
3515	Surava	54	78	76
352	Bolligen	1608	2142	3299
3521	Bergün/Bravuogn	122	177	232
3522	Filisur	113	168	199
3523	Wiesen (GR)	83	127	154
353	Bremgarten bei Bern	1021	1394	1921
3531	Bivio	53	80	98
3532	Cunter	58	91	73
3533	Marmorera	10	18	21
3534	Mulegns	6	10	10
3536	Riom-Parsonz	87	125	116
3538	Salouf	65	86	58
3539	Savognin	266	369	398
354	Kirchlindach	737	1026	1235
3540	Sur	21	31	30
3541	Tinizong-Rona	91	130	146
355	Köniz	8170	12657	15442
3551	Brusio	352	422	400
356	Muri bei Bern	2587	3837	6108
3561	Poschiavo	977	1200	1430
357	Oberbalm	231	318	322
3571	Castrisch	109	154	159
3572	Falera	162	213	198
3573	Flond	51	74	87
3574	Ilanz	672	937	769
3575	Laax	319	512	494
3576	Ladir	31	45	36
3577	Luven	50	79	72
3578	Pitasch	31	48	38
3579	Riein	16	24	28
358	Stettlen	864	1264	1211
3580	Ruschein	92	128	130
3581	Sagogn	179	236	239
3582	Schluein	149	228	147
3583	Schnaus	37	52	43
3584	Sevgein	59	86	59
3586	Valendas	71	101	117
3587	Versam	70	95	101
359	Vechigen	1344	1888	2174
3591	Camuns	15	24	19
3592	Cumbel	65	92	110
3593	Duvin	26	40	26
3594	Degen	75	100	80
3595	Lumbrein	115	148	143
3596	Morissen	70	91	69
3598	St. Martin	11	17	12
3599	Surcasti	23	35	22
36	Oberstammheim	378	501	438
360	Wohlen bei Bern	2648	3608	4213
3600	Surcuolm	29	45	36
3601	Tersnaus	20	29	24
3602	Uors-Peiden	19	28	26
3603	Vals	265	348	455
3604	Vignogn	63	81	39
3605	Vella	132	181	151
3606	Vrin	64	86	106
361	Zollikofen	2370	3661	4712
3611	Andiast	61	82	96
3612	Obersaxen	238	304	315
3613	Pigniu	13	18	14
3614	Rueun	127	173	146
3615	Siat	52	70	64
3616	Waltensburg/Vuorz	94	126	176
362	Ittigen	2780	4398	5027
363	Ostermundigen	3782	6014	6966
3631	Almens	60	90	82
3632	Feldis/Veulden	32	54	62
3633	Fürstenau	76	133	115
3634	Paspels	137	189	158
3635	Pratval	70	109	81
3636	Rodels	79	123	80
3637	Rothenbrunnen	86	125	105
3638	Scharans	216	299	344
3639	Scheid	39	52	52
3640	Sils im Domleschg	238	306	346
3641	Trans	16	24	19
3642	Tumegl/Tomils	108	147	114
3651	Safien	95	123	99
3652	Tenna	28	41	23
3661	Cazis	428	599	537
3662	Flerden	54	75	64
3663	Masein	127	178	110
3664	Portein	5	9	7
3665	Präz	47	66	54
3666	Sarn	33	48	58
3667	Tartar	39	66	75
3668	Thusis	674	970	1055
3669	Tschappina	39	59	59
3670	Urmein	26	35	36
3681	Avers	49	71	60
3691	Hinterrhein	23	39	33
3692	Medels im Rheinwald	13	22	18
3693	Nufenen	39	62	55
3694	Splügen	105	155	157
3695	Sufers	32	50	50
37	Ossingen	450	623	587
3701	Andeer	158	224	328
3702	Ausserferrera	9	17	23
3703	Casti-Wergenstein	15	26	23
3704	Clugin	6	11	10
3705	Donath	41	58	53
3706	Innerferrera	10	15	12
3707	Lohn (GR)	11	18	20
3708	Mathon	13	22	20
3709	Patzen-Fardün	19	30	24
371	Biel	10109	16822	21901
3710	Pignia	28	45	43
3711	Rongellen	11	16	16
3712	Zillis-Reischen	86	123	154
372	Evilard	613	842	1423
3721	Bonaduz	945	1289	893
3722	Domat/Ems	2215	3031	3073
3723	Rhäzüns	372	495	415
3731	Felsberg	729	989	852
3732	Flims	646	1017	1084
3733	Tamins	373	566	501
3734	Trin	318	451	426
3741	Ardez	113	162	148
3742	Guarda	37	68	86
3743	Lavin	46	65	70
3744	Susch	54	78	75
3745	Tarasp	64	113	144
3746	Zernez	299	467	332
3751	Ramosch	123	160	186
3752	Samnaun	269	365	232
3753	Tschlin	102	154	190
3761	Ftan	108	162	223
3762	Scuol	572	810	927
3763	Sent	224	314	357
3771	Bondo	44	69	87
3773	Castasegna	49	72	73
3774	Soglio	41	69	80
3775	Stampa	144	201	254
3776	Vicosoprano	116	160	168
3781	Bever	186	274	197
3782	Celerina/Schlarigna	366	609	426
3783	Madulain	42	68	63
3784	Pontresina	489	812	709
3785	La Punt-Chamues-ch	191	288	251
3786	Samedan	726	1203	1046
3787	St. Moritz	1227	2021	2137
3788	S-chanf	175	258	253
3789	Sils im Engadin/Segl	200	340	242
3790	Silvaplana	221	404	392
3791	Zuoz	305	473	527
38	Rheinau	434	615	626
3801	Arvigo	23	35	43
3803	Braggio	14	23	19
3804	Buseno	29	37	35
3805	Castaneda	69	91	79
3806	Cauco	8	14	15
3808	Rossa	33	45	42
381	Arch	479	643	567
3810	Santa Maria in Calanca	24	35	35
3811	Selma	8	15	15
382	Büetigen	211	307	316
3821	Lostallo	231	275	205
3822	Mesocco	359	445	476
3823	Soazza	96	132	165
383	Büren an der Aare	807	1152	1415
3831	Cama	135	186	166
3832	Grono	270	373	311
3833	Leggia	29	47	44
3834	Roveredo (GR)	699	859	804
3835	San Vittore	224	292	227
3836	Verdabbio	40	64	57
384	Busswil bei Büren	667	963	780
3841	Fuldera	32	48	52
3842	Lü	16	26	20
3843	Müstair	212	286	350
3844	Santa Maria Val Müstair	77	126	169
3845	Tschierv	46	70	65
3846	Valchava	54	76	67
385	Diessbach bei Büren	228	303	315
3851	Davos	2870	4491	4023
386	Dotzigen	388	537	478
3861	Fideris	148	194	242
3862	Furna	56	75	92
3863	Jenaz	291	413	492
387	Lengnau (BE)	1237	1784	2532
3871	Klosters-Serneus	1011	1393	1692
388	Leuzigen	315	406	454
3881	Conters im Prättigau	55	78	89
3882	Küblis	218	283	329
3883	Saas	202	271	273
389	Meienried	14	24	19
3891	Luzein	320	413	410
3892	St. Antönien Ascharina	23	33	31
3893	St. Antönien	46	59	46
39	Thalheim an der Thur	237	365	306
390	Meinisberg	372	525	594
3901	Chur	7408	12134	12623
391	Oberwil bei Büren	218	313	245
3911	Churwalden	340	500	431
3912	Malix	211	311	332
3913	Parpan	76	110	93
3914	Praden	30	50	34
3915	Tschiertschen	49	82	100
392	Pieterlen	816	1207	1410
3921	Arosa	498	962	932
3922	Calfreisen	11	20	19
3923	Castiel	32	49	47
3924	Langwies	69	97	126
3925	Lüen	18	30	30
3926	Maladers	125	204	191
3927	Molinis	37	54	52
3928	Pagig	17	27	18
3929	Peist	54	80	79
393	Rüti bei Büren	213	269	366
3930	St. Peter	36	58	76
394	Wengi	158	218	213
3941	Haldenstein	308	469	362
3942	Igis	2414	3185	2855
3943	Mastrils	174	256	228
3944	Says	46	69	55
3945	Trimmis	1003	1453	1020
3946	Untervaz	750	964	663
3947	Zizers	1033	1449	1294
3951	Fläsch	162	236	183
3952	Jenins	201	308	277
3953	Maienfeld	684	928	947
3954	Malans	637	873	746
3961	Grüsch	359	466	474
3962	Schiers	679	912	903
3971	Fanas	84	131	165
3972	Seewis im Prättigau	385	503	486
3973	Valzeina	35	51	41
3981	Breil/Brigels	325	442	611
3982	Disentis/Mustér	563	757	958
3983	Medel (Lucmagn)	124	164	177
3984	Schlans	24	37	28
3985	Sumvitg	356	444	553
3986	Tujetsch	497	690	754
3987	Trun	338	444	537
4	Hausen am Albis	1134	1517	1451
40	Trüllikon	344	476	428
4001	Aarau	3572	6253	7448
4002	Biberstein	425	613	644
4003	Buchs (AG)	2050	3085	3256
4004	Densbüren	242	320	312
4005	Erlinsbach	1179	1622	1943
4006	Gränichen	2344	3136	3199
4007	Hirschthal	466	672	635
4008	Küttigen	1692	2509	2818
4009	Muhen	1071	1461	1302
401	Aefligen	317	484	436
4010	Oberentfelden	2502	3614	3382
4011	Rohr (AG)	942	1417	1403
4012	Suhr	3082	4573	4475
4013	Unterentfelden	1127	1594	2068
402	Alchenstorf	170	227	179
4021	Baden	4187	7398	6629
4022	Bellikon	475	762	578
4023	Bergdietikon	689	1026	1153
4024	Birmenstorf (AG)	901	1300	996
4026	Ennetbaden	863	1542	1590
4027	Fislisbach	1727	2588	2111
4028	Freienwil	325	474	338
4029	Gebenstorf	1567	2291	2177
403	Bäriswil	347	477	344
4030	Killwangen	555	789	787
4031	Künten	646	851	529
4032	Mägenwil	621	896	653
4033	Mellingen	1483	2051	1414
4034	Neuenhof	2822	4041	3485
4035	Niederrohrdorf	968	1332	1369
4036	Oberehrendingen	804	1076	1080
4037	Oberrohrdorf	1189	1635	1979
4038	Obersiggenthal	2588	3719	4208
4039	Remetschwil	784	1103	707
404	Burgdorf	3231	5168	6426
4040	Spreitenbach	3537	5303	3595
4041	Stetten (AG)	550	725	517
4042	Turgi	920	1407	1218
4043	Unterehrendingen	567	817	789
4044	Untersiggenthal	2417	3336	2705
4045	Wettingen	5401	8577	10493
4046	Wohlenschwil	495	653	489
4047	Würenlingen	1467	1998	1567
4048	Würenlos	1743	2524	2379
405	Ersigen	371	512	585
406	Hasle bei Burgdorf	810	1098	1077
4061	Arni (AG)	528	833	559
4062	Berikon	1514	2298	1644
4063	Bremgarten (AG)	1821	2864	2875
4064	Büttikon	260	356	258
4065	Dottikon	1021	1435	1126
4066	Eggenwil	237	377	289
4067	Fischbach-Göslikon	502	714	482
4068	Hägglingen	710	943	762
4069	Hermetschwil-Staffeln	388	565	324
407	Heimiswil	425	568	600
4070	Hilfikon	75	115	85
4071	Jonen	626	923	554
4072	Niederwil (AG)	878	1138	668
4073	Oberlunkhofen	554	869	707
4074	Oberwil-Lieli	630	920	918
4075	Rudolfstetten-Friedlisberg	1267	1860	1631
4076	Sarmenstorf	794	1070	810
4077	Tägerig	443	638	538
4078	Uezwil	123	173	130
4079	Unterlunkhofen	471	721	380
408	Hellsau	49	68	69
4080	Villmergen	1777	2455	1822
4081	Widen	1152	1583	1628
4082	Wohlen (AG)	4434	6188	5748
4083	Zufikon	1291	1778	1566
4084	Islisberg	174	267	177
409	Hindelbank	519	771	825
4091	Auenstein	489	711	749
4092	Birr	1571	2076	1379
4093	Birrhard	246	343	270
4094	Bözen	223	317	234
4095	Brugg	2459	3571	4071
4096	Effingen	212	298	214
4097	Elfingen	69	106	99
4098	Gallenkirch	40	65	47
4099	Habsburg	129	191	152
41	Truttikon	175	237	164
410	Höchstetten	74	107	92
4100	Hausen bei Brugg	955	1397	1329
4101	Hottwil	72	110	98
4103	Linn	45	75	50
4104	Lupfig	691	1073	879
4105	Mandach	103	153	93
4106	Mönthal	143	214	185
4107	Mülligen	315	496	335
4108	Oberbözberg	180	245	155
4109	Oberflachs	163	238	236
411	Kernenried	110	169	188
4110	Remigen	416	537	434
4111	Riniken	489	658	698
4112	Rüfenach	304	422	362
4113	Scherz	226	314	228
4114	Schinznach Bad	391	577	527
4115	Schinznach Dorf	562	740	699
4116	Stilli	86	145	148
4117	Thalheim (AG)	253	341	305
4118	Umiken	327	540	560
4119	Unterbözberg	230	324	389
412	Kirchberg (BE)	1720	2408	2578
4120	Veltheim (AG)	513	663	430
4121	Villigen	626	847	652
4122	Villnachern	434	625	804
4123	Windisch	2220	3093	3625
413	Koppigen	592	788	727
4131	Beinwil am See	741	1047	1322
4132	Birrwil	282	428	527
4133	Burg (AG)	358	490	461
4134	Dürrenäsch	374	506	443
4135	Gontenschwil	647	859	914
4136	Holziken	466	675	457
4137	Leimbach (AG)	128	179	153
4138	Leutwil	233	308	281
4139	Menziken	2333	3163	1802
414	Krauchthal	667	926	759
4140	Oberkulm	805	1056	932
4141	Reinach (AG)	2422	3208	3316
4142	Schlossrued	286	386	325
4143	Schmiedrued	382	504	452
4144	Schöftland	1235	1666	1537
4145	Teufenthal (AG)	484	700	692
4146	Unterkulm	901	1226	1278
4147	Zetzwil	395	549	497
415	Lyssach	451	657	603
416	Mötschwil	26	51	43
4161	Eiken	694	1006	881
4162	Etzgen	156	217	201
4163	Frick	1455	1977	1804
4164	Gansingen	342	441	314
4165	Gipf-Oberfrick	1107	1515	1002
4166	Herznach	401	537	480
4167	Hornussen	290	414	296
4168	Ittenthal	61	92	88
4169	Kaisten	756	976	799
417	Niederösch	61	91	76
4170	Laufenburg	626	899	878
4171	Mettau	99	144	115
4172	Münchwilen (AG)	199	277	348
4173	Oberhof	185	257	232
4174	Oberhofen (AG)	103	142	90
4175	Oeschgen	299	392	309
4176	Schwaderloch	220	314	266
4177	Sisseln	489	734	584
4178	Sulz (AG)	389	507	435
4179	Ueken	326	478	289
418	Oberburg	885	1292	1277
4180	Wil (AG)	222	286	238
4181	Wittnau	361	532	422
4182	Wölflinswil	271	385	291
4183	Zeihen	332	434	296
419	Oberösch	25	46	46
4191	Ammerswil	242	377	255
4192	Boniswil	537	747	624
4193	Brunegg	139	221	167
4194	Dintikon	471	644	529
4195	Egliswil	455	636	467
4196	Fahrwangen	565	742	666
4197	Hallwil	226	350	261
4198	Hendschiken	279	416	380
4199	Holderbank (AG)	280	410	444
42	Unterstammheim	310	421	353
420	Rüdtligen-Alchenflüh	723	1019	839
4200	Hunzenschwil	939	1442	1340
4201	Lenzburg	1996	3042	3402
4202	Meisterschwanden	737	1031	974
4203	Möriken-Wildegg	1332	1785	1946
4204	Niederlenz	1495	2102	1841
4205	Othmarsingen	698	969	902
4206	Rupperswil	1402	1999	1904
4207	Schafisheim	1003	1427	1147
4208	Seengen	998	1371	1153
4209	Seon	1516	2080	1789
421	Rumendingen	21	35	31
4210	Staufen	762	1075	1329
422	Rüti bei Lyssach	42	68	57
4221	Abtwil	259	361	181
4222	Aristau	471	640	352
4223	Auw	544	775	415
4224	Beinwil (Freiamt)	312	418	300
4225	Benzenschwil	216	308	202
4226	Besenbüren	190	283	174
4227	Bettwil	184	256	163
4228	Boswil	772	1066	818
4229	Bünzen	307	442	357
423	Willadingen	45	71	73
4230	Buttwil	443	591	327
4231	Dietwil	381	528	299
4232	Geltwil	52	73	42
4233	Kallern	100	155	94
4234	Merenschwand	929	1213	738
4235	Mühlau	364	504	312
4236	Muri (AG)	2213	3044	2403
4237	Oberrüti	488	642	287
4238	Rottenschwil	289	423	242
4239	Sins	1273	1619	1003
424	Wynigen	585	769	696
4240	Waltenschwil	891	1273	844
4251	Hellikon	264	353	221
4252	Kaiseraugst	1446	2153	2289
4253	Magden	1096	1400	1665
4254	Möhlin	2963	4195	3908
4255	Mumpf	463	679	562
4256	Obermumpf	347	482	392
4257	Olsberg	109	162	149
4258	Rheinfelden	2818	4314	4689
4259	Schupfart	247	348	284
4260	Stein (AG)	869	1282	1148
4261	Wallbach	503	716	709
4262	Wegenstetten	371	476	410
4263	Zeiningen	693	1000	937
4264	Zuzgen	276	373	296
4271	Aarburg	2463	3311	2967
4272	Attelwil	95	136	115
4273	Bottenwil	298	398	241
4274	Brittnau	1337	1853	1793
4275	Kirchleerau	235	350	304
4276	Kölliken	1300	1871	1565
4277	Moosleerau	275	386	292
4278	Mühlethal	323	480	414
4279	Murgenthal	893	1185	1225
4280	Oftringen	3751	5469	4987
4281	Reitnau	403	543	410
4282	Rothrist	2535	3478	3590
4283	Safenwil	1112	1565	1547
4284	Staffelbach	375	513	333
4285	Strengelbach	1495	2123	2054
4286	Uerkheim	427	581	509
4287	Vordemwald	605	808	933
4288	Wiliberg	59	76	44
4289	Zofingen	2334	3769	4781
43	Volken	95	145	121
4301	Baldingen	92	125	78
4302	Böbikon	56	83	58
4303	Böttstein	1295	1642	1455
4304	Döttingen	1210	1641	1723
4305	Endingen	621	864	693
4306	Fisibach	124	180	122
4307	Full-Reuenthal	266	352	346
4308	Kaiserstuhl	125	219	218
4309	Klingnau	876	1170	1363
431	Corgémont	406	533	670
4310	Koblenz1?	530	685	611
4311	Leibstadt	439	595	450
4312	Lengnau (AG)	835	1123	891
4313	Leuggern	755	992	699
4314	Mellikon	75	111	107
4315	Rekingen (AG)	378	489	416
4316	Rietheim	273	373	272
4317	Rümikon	69	106	72
4318	Schneisingen	439	597	623
4319	Siglistorf	183	299	173
432	Cormoret	128	172	210
4320	Tegerfelden	344	481	371
4321	Unterendingen	133	184	102
4322	Wislikofen	112	159	102
4323	Zurzach	1221	1628	1916
433	Cortébert	202	286	292
434	Courtelary	295	402	571
435	La Ferrière	160	205	185
436	La Heutte	163	237	229
437	Mont-Tramelan	34	50	44
438	Orvin	301	425	576
439	Péry	306	463	637
44	Waltalingen	261	331	256
440	Plagne	98	134	176
4401	Arbon	3608	5192	6081
4406	Dozwil	167	220	213
441	Renan (BE)	173	254	378
4411	Egnach	1470	1876	1580
4416	Hefenhofen	470	655	526
442	Romont (BE)	49	76	82
4421	Horn	771	1172	1277
4426	Kesswil	249	371	454
443	Saint-Imier	996	1470	2526
4431	Roggwil (TG)	939	1288	944
4436	Romanshorn	2554	3574	4526
444	Sonceboz-Sombeval	470	646	717
4441	Salmsach	530	743	573
4446	Sommeri	172	241	168
445	Sonvilier	292	404	458
4451	Uttwil	557	801	729
446	Tramelan	950	1304	2205
4461	Amriswil	4117	5848	5890
447	Vauffelin	113	186	234
4471	Bischofszell	1785	2386	2507
4476	Erlen	1164	1473	1072
448	Villeret	212	307	430
4486	Hauptwil-Gottshaus	670	904	583
4495	Hohentannen	211	274	209
4501	Kradolf-Schönenberg	1082	1459	1153
4506	Sulgen	1173	1560	1393
4511	Zihlschlacht-Sitterdorf	687	873	749
4536	Basadingen-Schlattingen	561	727	615
4545	Diessenhofen	1026	1472	1468
4546	Schlatt (TG)	524	695	588
4551	Aadorf	2547	3488	3037
4561	Felben-Wellhausen	930	1344	897
4566	Frauenfeld	6315	9627	9595
4571	Gachnang	1315	1916	1377
4590	Hüttlingen	292	409	276
4591	Matzingen	912	1217	825
4601	Neunforn	309	403	381
4606	Stettfurt	390	509	342
4611	Thundorf	439	598	413
4616	Uesslingen-Buch	363	481	352
4621	Warth-Weiningen	400	540	498
4641	Altnau	660	887	668
4643	Bottighofen	644	1009	1025
4646	Ermatingen	728	1041	1394
4651	Gottlieben	106	175	137
4656	Güttingen	455	615	509
4666	Kemmental	802	1006	675
4671	Kreuzlingen	4843	7332	8306
4681	Langrickenbach	368	477	388
4683	Lengwil	416	572	445
4691	Münsterlingen	808	1150	1000
4696	Tägerwilen	1300	1774	1799
4701	Wäldi	322	422	339
4711	Affeltrangen	795	1034	758
4716	Bettwiesen	405	542	355
4721	Bichelsee-Balterswil	885	1170	953
4723	Braunau	261	347	182
4724	Eschlikon	1198	1712	1457
4726	Fischingen	907	1171	954
4741	Lommis	381	512	335
4746	Münchwilen (TG)	1625	2238	1667
4751	Rickenbach (TG)	918	1399	1001
4756	Schönholzerswilen	263	336	261
4761	Sirnach	2416	3210	2329
4776	Tobel-Tägerschen	493	704	450
4781	Wängi	1469	1930	1608
4786	Wilen (TG)	830	1103	851
4791	Wuppenau	388	487	312
4801	Berlingen	201	326	425
4806	Eschenz	499	638	686
4811	Herdern	331	440	295
4816	Homburg	520	667	471
4821	Hüttwilen	456	613	523
4826	Mammern	156	247	231
4831	Müllheim	907	1210	933
4841	Pfyn	660	871	634
4846	Raperswilen	132	185	154
4851	Salenstein	324	516	618
4864	Steckborn	950	1282	1838
4871	Wagenhausen	478	646	684
4881	Amlikon-Bissegg	392	523	466
4891	Berg (TG)	1052	1373	1173
4901	Birwinken	476	610	398
491	Brüttelen	154	222	243
4911	Bürglen (TG)	1077	1482	1258
492	Erlach	288	420	487
4921	Bussnang	694	881	737
493	Finsterhennen	122	173	168
494	Gals	167	256	263
4941	Märstetten	775	1076	869
4946	Weinfelden	2625	3828	5233
495	Gampelen	189	286	324
4951	Wigoltingen	695	908	819
496	Ins	732	1005	1246
497	Lüscherz	137	195	199
498	Müntschemier	327	462	414
499	Siselen	164	213	223
5	Hedingen	1246	1742	1410
500	Treiten	102	148	176
5001	Arbedo-Castione	1509	1918	1531
5002	Bellinzona	4444	5977	6214
5003	Cadenazzo	777	1010	574
5004	Camorino	900	1196	974
5005	Giubiasco	2574	3370	3472
5006	Gnosca	218	290	211
5007	Gorduno	259	355	244
5008	Gudo	222	338	336
5009	Isone	106	143	104
501	Tschugg	121	182	174
5010	Lumino	447	573	476
5011	Medeglia	95	123	139
5012	Moleno	28	43	35
5013	Monte Carasso	843	1157	1006
5014	Pianezzo	158	235	267
5015	Preonzo	190	244	133
5016	Robasacco	28	44	49
5017	Sant'Antonino	865	1123	654
5018	Sant'Antonio	42	67	85
5019	Sementina	1026	1342	1077
502	Vinelz	180	276	339
5031	Aquila	144	174	179
5032	Campo (Blenio)	18	30	22
5033	Castro	24	36	34
5034	Corzoneso	165	224	194
5035	Dongio	113	160	176
5036	Ghirone	12	19	14
5037	Largario	7	11	7
5038	Leontica	76	108	127
5039	Lottigna	14	22	24
5040	Ludiano	91	136	144
5041	Malvaglia	361	467	502
5042	Marolta	9	16	18
5043	Olivone	224	282	355
5044	Ponto Valentino	51	71	92
5045	Prugiasco	30	44	35
5046	Semione	91	123	119
5047	Torre	71	98	134
5061	Airolo	457	597	628
5062	Anzonico	22	35	51
5063	Bedretto	15	26	28
5064	Bodio	274	391	455
5065	Calonico	9	15	17
5066	Calpiogna	7	16	13
5067	Campello	14	23	22
5068	Cavagnago	16	27	47
5069	Chiggiogna	109	141	144
5070	Chironico	100	133	160
5071	Dalpe	42	57	62
5072	Faido	425	557	620
5073	Giornico	317	385	434
5074	Mairengo	180	230	135
5075	Osco	26	38	49
5076	Personico	108	147	111
5077	Pollegio	365	479	428
5078	Prato (Leventina)	117	176	153
5079	Quinto	332	407	380
5080	Rossura	13	20	21
5081	Sobrio	18	28	34
5091	Ascona	1424	2068	2965
5092	Auressio	16	28	23
5093	Berzona	14	23	15
5094	Borgnone	29	41	46
5095	Brione (Verzasca)	59	83	61
5096	Brione sopra Minusio	138	213	286
5097	Brissago	432	595	932
5098	Caviano	27	40	51
5099	Cavigliano	245	326	283
51	Bachenbülach	1279	1891	1652
5101	Contone	223	334	221
5102	Corippo	4	7	5
5104	Cugnasco	495	631	435
5105	Frasco	27	40	32
5106	Gerra (Gambarogno)	61	96	147
5107	Gerra (Verzasca)	334	471	453
5108	Gordola	1445	1917	1814
5109	Gresso	8	13	11
5110	Indemini	8	13	16
5111	Intragna	248	348	325
5112	Lavertezzo	430	588	412
5113	Locarno	3628	4998	5718
5114	Loco	55	86	85
5115	Losone	2179	2950	2418
5116	Magadino	530	726	671
5117	Mergoscia	53	80	75
5118	Minusio	1883	2685	3513
5119	Mosogno	17	26	20
5120	Muralto	671	1093	1669
5121	Orselina	159	266	404
5122	Palagnedra	22	39	56
5123	Piazzogna	108	149	138
5125	Ronco sopra Ascona	157	256	393
5127	San Nazzaro	166	238	323
5128	Sant'Abbondio	28	49	54
5129	Sonogno	22	32	31
5130	Tegna	263	363	305
5131	Tenero-Contra	795	1045	1089
5132	Vergeletto	13	22	30
5133	Verscio	344	452	423
5134	Vira (Gambarogno)	165	238	294
5135	Vogorno	82	122	109
5136	Onsernone	63	94	140
5141	Agno	1291	1793	1436
5142	Agra	157	228	164
5143	Aranno	94	146	122
5144	Arogno	264	355	383
5145	Arosio	152	221	199
5146	Astano	60	86	133
5147	Barbengo	683	895	504
5148	Bedano	488	666	435
5149	Bedigliora	176	243	206
5150	Bidogno	89	135	121
5151	Bioggio	590	809	575
5153	Bironico	185	254	198
5154	Bissone	227	334	340
5155	Bogno	34	51	43
5156	Bosco Luganese	136	186	152
5158	Breganzona	1708	2232	2178
5159	Breno	60	95	118
5160	Brusino Arsizio	117	186	189
5161	Cademario	194	262	295
5162	Cadempino	542	702	384
5163	Cadro	567	759	580
5164	Cagiallo	201	278	231
5165	Camignolo	215	284	214
5167	Canobbio	599	846	735
5168	Carabbia	187	254	207
5169	Carabietta	36	56	46
5170	Carona	237	352	306
5171	Caslano	1315	1630	1553
5173	Certara	14	23	20
5174	Cimadera	21	38	47
5175	Cimo	91	145	97
5176	Comano	591	771	743
5177	Cortiasca	36	55	50
5178	Croglio	262	380	309
5179	Cureggia	36	59	46
5180	Cureglia	475	643	438
5181	Curio	184	267	216
5182	Davesco-Soragno	495	684	486
5183	Fescoggia	25	37	40
5184	Gandria	24	44	46
5185	Gentilino	478	643	608
5186	Grancia	143	209	124
5187	Gravesano	407	547	369
5188	Iseo	24	38	32
5189	Lamone	603	786	545
5190	Lopagno	191	271	178
5191	Lugaggia	285	393	339
5192	Lugano	6083	9210	11564
5193	Magliaso	503	623	557
5194	Manno	417	575	373
5195	Maroggia	176	258	281
5196	Massagno	1732	2497	2576
5197	Melano	389	556	487
5198	Melide	496	761	731
5199	Mezzovico-Vira	347	501	353
52	Bassersdorf	3341	4989	4202
5200	Miglieglia	66	105	89
5201	Montagnola	702	957	898
5202	Monteggio	225	309	326
5203	Morcote	192	316	322
5204	Mugena	38	59	66
5205	Muzzano	219	324	347
5206	Neggio	106	165	149
5207	Novaggio	242	313	296
5208	Origlio	452	597	483
5209	Pambio-Noranco	238	325	196
5210	Paradiso	997	1535	1443
5211	Pazzallo	434	648	424
5212	Ponte Capriasca	589	817	568
5213	Ponte Tresa	224	321	394
5214	Porza	465	663	537
5215	Pregassona	2568	3504	2544
5216	Pura	396	535	552
5217	Rivera	550	720	557
5218	Roveredo (TI)	38	58	48
5219	Rovio	196	304	247
5220	Sala Capriasca	513	676	481
5221	Savosa	672	939	884
5222	Sessa	165	228	283
5223	Sigirino	180	255	128
5224	Sonvico	597	803	709
5225	Sorengo	480	671	538
5226	Tesserete	505	645	610
5227	Torricella-Taverne	1194	1459	956
5228	Vaglio	201	285	188
5229	Valcolla	166	225	233
5230	Vernate	130	213	191
5231	Vezia	613	854	691
5232	Vezio	73	97	69
5233	Vico Morcote	79	126	139
5234	Viganello	1973	2845	3040
5235	Villa Luganese	205	267	182
5241	Arzo	395	535	404
5242	Balerna	1177	1500	1521
5243	Besazio	197	278	248
5244	Bruzella	57	79	58
5245	Cabbio	53	80	86
5246	Caneggio	100	134	113
5247	Capolago	252	347	284
5248	Casima	18	29	19
5249	Castel San Pietro	636	842	781
5250	Chiasso	1820	2521	3253
5251	Coldrerio	950	1208	1000
5252	Genestrerio	328	444	323
5253	Ligornetto	574	776	590
5254	Mendrisio	1494	2073	2626
5255	Meride	84	121	118
5256	Monte	27	41	28
5257	Morbio Inferiore	1567	1994	1567
5258	Morbio Superiore	245	338	262
5259	Muggio	47	70	100
5260	Novazzano	900	1113	912
5262	Rancate	486	631	534
5263	Riva San Vitale	902	1155	872
5264	Sagno	86	133	113
5265	Salorino	150	209	168
5266	Stabio	1520	1959	1290
5267	Tremona	157	222	156
5268	Vacallo	967	1224	1211
5281	Biasca	1833	2234	2064
5282	Claro	912	1192	791
5283	Cresciano	213	294	240
5284	Iragna	170	227	160
5285	Lodrino	526	654	458
5286	Osogna	329	410	282
53	Bülach	4653	6714	6271
5301	Aurigeno	119	185	162
5302	Avegno	203	262	194
5303	Bignasco	97	130	107
5304	Bosco/Gurin	15	26	20
5305	Broglio	27	43	29
5306	Brontallo	17	26	17
5307	Campo (Vallemaggia)	11	22	19
5308	Cavergno	122	158	180
5309	Cerentino	16	24	24
531	Ballmoos	15	24	15
5310	Cevio	122	176	212
5311	Coglio	28	43	32
5312	Fusio	12	19	18
5313	Giumaglio	63	90	63
5314	Gordevio	313	407	296
5315	Linescio	10	18	13
5316	Lodano	61	89	63
5317	Maggia	329	400	334
5318	Menzonio	20	29	27
5319	Moghegno	127	174	119
532	Bangerten	37	59	62
5320	Peccia	56	75	61
5321	Prato-Sornico	32	46	33
5322	Someo	66	94	110
533	Bätterkinden	806	1104	1102
534	Büren zum Hof	138	187	165
535	Deisswil bei Münchenbuchsee	22	36	28
536	Diemerswil	55	88	63
537	Etzelkofen	82	165	109
538	Fraubrunnen	567	772	639
539	Grafenried	275	401	383
54	Dietlikon	2150	3354	3652
540	Jegenstorf	1198	1745	1779
5401	Aigle	2750	3815	4077
5402	Bex	1990	2676	3379
5403	Chessel	135	188	136
5404	Corbeyrier	85	149	247
5405	Gryon	292	461	772
5406	Lavey-Morcles	245	362	499
5407	Leysin	1003	1494	1834
5408	Noville	214	311	314
5409	Ollon	2303	3039	3527
541	Iffwil	104	162	130
5410	Ormont-Dessous	260	363	695
5411	Ormont-Dessus	424	619	885
5412	Rennaz	269	392	255
5413	Roche (VD)	291	405	506
5414	Villeneuve (VD)	1677	2295	2555
5415	Yvorne	309	438	439
542	Limpach	77	111	140
5421	Apples	427	572	552
5422	Aubonne	940	1333	1279
5423	Ballens	123	186	198
5424	Berolle	81	119	102
5425	Bière	481	667	758
5426	Bougy-Villars	138	219	246
5427	Féchy	308	425	316
5428	Gimel	538	737	660
5429	Longirod	126	189	166
543	Mattstetten	169	234	230
5430	Marchissy	143	208	161
5431	Mollens (VD)	89	130	124
5432	Montherod	178	260	172
5433	Pizy	21	37	37
5434	Saint-George	240	356	368
5435	Saint-Livres	184	273	276
5436	Saint-Oyens	89	135	117
5437	Saubraz	97	143	141
544	Moosseedorf	1045	1545	1251
545	Mülchi	68	102	81
5451	Avenches	853	1186	1398
5452	Bellerive (VD)	159	265	333
5453	Chabrey	70	107	98
5454	Champmartin	11	18	18
5455	Constantine	88	127	137
5456	Cudrefin	297	435	460
5457	Donatyre	54	86	65
5458	Faoug	221	317	297
5459	Montmagny	52	79	84
546	Münchenbuchsee	2824	4175	3789
5460	Mur (VD)	61	96	78
5461	Oleyres	85	111	92
5462	Vallamand	96	162	203
5463	Villars-le-Grand	99	138	139
547	Münchringen	167	235	239
5471	Bettens	116	156	107
5472	Bournens	84	135	161
5473	Boussens	327	460	212
5474	La Chaux (Cossonay)	129	194	155
5475	Chavannes-le-Veyron	40	63	43
5476	Chevilly	84	135	101
5477	Cossonay	1288	1791	1090
5478	Cottens (VD)	143	218	170
5479	Cuarnens	151	209	180
548	Ruppoldsried	88	111	58
5480	Daillens	283	384	295
5481	Dizy	77	118	74
5482	Eclépens	335	491	442
5483	Ferreyres	88	139	100
5484	Gollion	209	298	271
5485	Grancy	117	170	159
5486	L'Isle	294	410	436
5487	Lussery-Villars	117	182	134
5488	Mauraz	15	27	21
5489	Mex (VD)	192	311	288
549	Schalunen	136	193	118
5490	Moiry	82	123	99
5491	Mont-la-Ville	103	146	175
5492	Montricher	239	363	358
5493	Orny	141	205	126
5494	Pampigny	349	435	329
5495	Penthalaz	788	1160	1215
5496	Penthaz	539	816	608
5497	Pompaples	274	377	252
5498	La Sarraz	606	864	872
5499	Senarclens	125	178	120
55	Eglisau	1067	1561	1718
550	Scheunen	18	32	22
5500	Sévery	65	111	93
5501	Sullens	331	477	445
5503	Vufflens-la-Ville	456	598	510
551	Urtenen	1584	2500	2028
5511	Assens	355	504	404
5512	Bercher	361	510	423
5513	Bioley-Orjulaz	112	162	142
5514	Bottens	402	550	378
5515	Bretigny-sur-Morrens	277	399	318
5516	Cugy (VD)	833	1136	1081
5517	Dommartin	85	127	122
5518	Echallens	2161	2795	1887
5519	Eclagnens	25	42	47
552	Utzenstorf	1074	1477	1541
5520	Essertines-sur-Yverdon	271	363	328
5521	Etagnières	317	457	379
5522	Fey	174	237	220
5523	Froideville	633	851	701
5524	Goumoens-la-Ville	233	335	253
5525	Goumoens-le-Jux	9	14	10
5526	Malapalud	21	37	32
5527	Morrens (VD)	395	530	452
5528	Naz	39	58	31
5529	Oulens-sous-Echallens	149	221	190
553	Wiggiswil	27	45	28
5530	Pailly	144	221	191
5531	Penthéréaz	148	202	119
5532	Poliez-le-Grand	246	330	211
5533	Poliez-Pittet	257	335	247
5534	Rueyres	75	113	95
5535	Saint-Barthélemy (VD)	265	371	185
5536	Sugnens	96	132	105
5537	Villars-le-Terroir	281	380	341
5538	Villars-Tiercelin	132	212	200
5539	Vuarrens	229	317	260
554	Wiler bei Utzenstorf	181	263	377
555	Zauggenried	89	133	120
5551	Bonvillars	133	182	210
5552	Bullet	145	216	357
5553	Champagne	248	343	287
5554	Concise	214	316	383
5555	Corcelles-près-Concise	110	153	100
5556	Fiez	166	223	190
5557	Fontaines-sur-Grandson	45	71	59
5558	Fontanezier	21	33	31
5559	Giez	137	189	143
556	Zielebach	102	152	149
5560	Grandevent	54	97	89
5561	Grandson	1098	1596	1601
5562	Mauborget	25	46	49
5563	Mutrux	46	66	65
5564	Novalles	38	58	40
5565	Onnens (VD)	131	208	218
5566	Provence	121	169	188
5567	Romairon	12	21	20
5568	Sainte-Croix	1002	1388	3085
5569	Vaugondry	14	25	17
557	Zuzwil (BE)	120	164	229
5570	Villars-Burquin	177	249	270
5581	Belmont-sur-Lausanne	1136	1653	1456
5582	Cheseaux-sur-Lausanne	1280	1829	1368
5583	Crissier	2892	3937	2666
5584	Epalinges	3047	4025	3917
5585	Jouxtens-Mézery	590	704	551
5586	Laussane	27963	50079	51350
5587	Le Mont-sur-Lausanne	2142	2652	2606
5588	Paudex	534	753	704
5589	Prilly	3311	4972	6790
5590	Pully	5476	7663	10882
5591	Renens (VD)	6211	9030	7450
5592	Romanel-sur-Lausanne	1366	1908	1197
56	Embrach	3187	4557	3461
5601	Chexbres	643	930	1203
5602	Cully	603	848	1108
5603	Epesses	112	161	156
5604	Forel (Lavaux)	689	965	774
5605	Grandvaux	774	1088	998
5606	Lutry	3198	4495	5013
5607	Puidoux	873	1223	1096
5608	Riex	107	172	185
5609	Rivaz	111	170	208
561	Adelboden	1023	1363	1492
5610	Saint-Saphorin (Lavaux)	101	187	208
5611	Savigny	1287	1772	1681
5612	Villette (Lavaux)	250	333	284
562	Aeschi bei Spiez	523	702	712
5621	Aclens	144	218	179
5622	Bremblens	162	240	204
5623	Buchillon	234	310	310
5624	Bussigny-près-Lausanne	3139	4353	3144
5625	Bussy-Chardonney	146	207	156
5627	Chavannes-près-Renens	2435	3615	2630
5628	Chigny	106	150	121
5629	Clarmont	43	73	67
563	Frutigen	2007	2519	2494
5630	Colombier (VD)	183	246	168
5631	Denens	249	353	323
5632	Denges	512	778	577
5633	Echandens	819	1063	1101
5634	Echichens	413	565	493
5635	Ecublens (VD)	4080	6121	4350
5636	Etoy	1013	1460	765
5637	Lavigny	280	393	319
5638	Lonay	739	1015	1374
5639	Lully (VD)	305	400	348
564	Kandergrund	288	383	407
5640	Lussy-sur-Morges	251	335	208
5641	Monnaz	146	222	186
5642	Morges	4177	6239	7081
5643	Préverenges	1724	2425	2103
5644	Reverolle	149	207	123
5645	Romanel-sur-Morges	195	261	199
5646	Saint-Prex	1680	2556	2258
5647	Saint-Saphorin-sur-Morges	176	233	187
5648	Saint-Sulpice (VD)	1004	1447	1743
5649	Tolochenaz	668	969	682
565	Kandersteg	281	425	571
5650	Vaux-sur-Morges	60	91	61
5651	Villars-Sainte-Croix	284	379	262
5652	Villars-sous-Yens	224	320	183
5653	Vufflens-le-Château	280	367	347
5654	Vullierens	137	192	184
5655	Yens	336	448	474
566	Krattigen	206	292	500
5661	Boulens	85	119	96
5662	Brenles	60	90	66
5663	Bussy-sur-Moudon	58	92	86
5664	Chapelle-sur-Moudon	130	183	148
5665	Chavannes-sur-Moudon	68	94	100
5666	Chesalles-sur-Moudon	59	85	60
5667	Correvon	35	54	41
5668	Cremin	20	33	26
5669	Curtilles	83	124	143
567	Reichenbach im Kandertal	871	1145	1339
5670	Denezy	36	60	77
5671	Dompierre (VD)	81	113	123
5672	Forel-sur-Lucens	45	71	75
5673	Hermenches	101	148	163
5674	Lovatens	54	77	62
5675	Lucens	787	1091	1091
5676	Martherenges	24	36	25
5677	Montaubion-Chardonney	26	41	32
5678	Moudon	1571	2140	2055
5679	Neyruz-sur-Moudon	40	65	59
5680	Ogens	87	126	114
5681	Oulens-sur-Lucens	17	27	20
5682	Peyres-Possens	50	80	74
5683	Prévonloup	32	59	79
5684	Rossenges	15	25	19
5685	Saint-Cierges	146	213	196
5686	Sarzens	20	36	31
5687	Sottens	72	113	104
5688	Syens	43	77	63
5689	Thierrens	221	307	247
5690	Villars-le-Comte	40	64	76
5691	Villars-Mendraz	65	97	71
5692	Vucherens	167	245	262
57	Freienstein-Teufen	879	1286	906
5701	Arnex-sur-Nyon	49	71	50
5702	Arzier	859	1164	933
5703	Bassins	359	560	491
5704	Begnins	483	705	783
5705	Bogis-Bossey	426	562	273
5706	Borex	407	519	362
5707	Chavannes-de-Bogis	534	650	315
5708	Chavannes-des-Bois	166	223	206
5709	Chéserex	530	743	460
571	Beatenberg	264	422	572
5710	Coinsins	149	215	181
5711	Commugny	1261	1522	1047
5712	Coppet	1168	1487	1271
5713	Crans-près-Céligny	881	1090	822
5714	Crassier	403	579	447
5715	Duillier	410	565	456
5716	Eysins	368	565	422
5717	Founex	1312	1617	1280
5718	Genolier	701	884	744
5719	Gingins	436	603	486
572	Bönigen	682	963	1163
5720	Givrins	375	483	429
5721	Gland	4754	6749	3503
5722	Grens	146	198	149
5723	Mies	737	940	669
5724	Nyon	5805	8392	7367
5725	Prangins	1447	2031	1587
5726	La Rippe	413	611	372
5727	Saint-Cergue	672	977	923
5728	Signy-Avenex	161	229	222
5729	Tannay	629	771	585
573	Brienz (BE)	745	1012	1376
5730	Trélex	500	656	569
5731	Le Vaud	443	630	490
5732	Vich	343	471	224
574	Brienzwiler	147	196	244
5741	L'Abergement	93	142	99
5742	Agiez	70	113	114
5743	Arnex-sur-Orbe	206	279	249
5744	Ballaigues	275	403	518
5745	Baulmes	339	436	446
5746	Bavois	262	375	308
5747	Bofflens	50	78	67
5748	Bretonnières	67	110	96
5749	Chavornay	1168	1646	1306
575	Därligen	100	137	178
5750	Les Clées	48	76	71
5751	Corcelles-sur-Chavornay	109	163	145
5752	Croy	100	141	163
5754	Juriens	82	124	123
5755	Lignerolle	121	171	187
5756	Montcherand	151	206	151
5757	Orbe	1770	2451	2775
5758	La Praz	46	71	75
5759	Premier	67	99	100
576	Grindelwald	940	1421	1690
5760	Rances	152	225	214
5761	Romainmôtier-Envy	133	227	250
5762	Sergey	40	61	47
5763	Valeyres-sous-Rances	179	239	199
5764	Vallorbe	892	1242	2071
5765	Vaulion	149	208	227
5766	Vuiteboeuf	186	269	155
577	Gsteigwiler	138	186	188
578	Gündlischwand	76	108	115
5781	Bussigny-sur-Oron	21	31	25
5782	Carrouge (VD)	329	463	407
5783	Châtillens	177	272	237
5784	Chesalles-sur-Oron	50	74	61
5785	Corcelles-le-Jorat	136	207	203
5786	Les Cullayes	279	387	295
5787	Ecoteaux	103	167	162
5788	Essertes	114	174	120
5789	Ferlens (VD)	118	177	164
579	Habkern	166	225	250
5790	Maracon	112	163	164
5791	Mézières (VD)	426	594	511
5792	Montpreveyres	187	289	226
5793	Oron-la-Ville	428	589	667
5794	Oron-le-Châtel	102	148	97
5795	Palézieux	448	602	516
5796	Peney-le-Jorat	122	183	148
5797	La Rogivue	26	47	41
5798	Ropraz	116	177	171
5799	Servion	476	667	382
58	Glattfelden	1537	2087	1754
580	Hofstetten bei Brienz	147	199	231
5800	Les Tavernes	43	63	56
5801	Les Thioleyres	72	105	70
5802	Vuibroye	44	68	60
5803	Vulliens	169	219	154
581	Interlaken	1181	1977	2087
5811	Cerniaz (VD)	16	27	24
5812	Champtauroz	36	56	58
5813	Chevroux	128	174	203
5814	Combremont-le-Grand	95	125	130
5815	Combremont-le-Petit	135	191	178
5816	Corcelles-près-Payerne	618	859	868
5817	Grandcour	282	370	325
5818	Granges-près-Marnand	433	575	586
5819	Henniez	70	112	137
582	Iseltwald	93	134	176
5820	Marnand	54	87	67
5821	Missy	98	131	122
5822	Payerne	2585	3507	4262
5823	Rossens (VD)	16	28	22
5824	Sassel	46	70	69
5825	Sédeilles	43	70	72
5826	Seigneux	103	148	107
5827	Trey	84	117	113
5828	Treytorrens (Payerne)	40	61	48
5829	Villars-Bramard	44	64	44
5830	Villarzel	57	84	86
584	Lauterbrunnen	619	885	1199
5841	Château-d'Oex	897	1232	1995
5842	Rossinière	162	223	245
5843	Rougemont	277	366	510
585	Leissigen	227	344	453
5851	Allaman	129	201	209
5852	Bursinel	146	228	155
5853	Bursins	238	338	285
5854	Burtigny	135	169	71
5855	Dully	205	287	213
5856	Essertines-sur-Rolle	207	313	197
5857	Gilly	287	411	384
5858	Luins	172	257	194
5859	Mont-sur-Rolle	776	1050	897
586	Lütschental	75	91	88
5860	Perroy	427	664	696
5861	Rolle	1626	2224	2351
5862	Tartegnin	57	98	116
5863	Vinzel	132	178	101
587	Matten bei Interlaken	1107	1580	1581
5871	L'Abbaye	348	503	808
5872	Le Chenit	1102	1590	2749
5873	Le Lieu	243	342	541
588	Niederried bei Interlaken	99	153	189
5881	Blonay	2146	2823	3113
5882	Chardonne	943	1470	1868
5883	Corseaux	708	995	1548
5884	Corsier-sur-Vevey	1108	1663	1924
5885	Jongny	549	782	735
5886	Montreux	6496	10222	12780
5888	Saint-Légier-La Chiésaz	1831	2414	2525
5889	La Tour-de-Peilz	3377	4760	7623
589	Oberried am Brienzersee	112	167	234
5890	Vevey	4989	8115	8246
5891	Veytaux	256	439	521
59	Hochfelden	686	989	686
590	Ringgenberg (BE)	801	1177	1253
5901	Arrissoules	12	22	17
5902	Belmont-sur-Yverdon	104	144	103
5903	Bioley-Magnoux	49	75	98
5904	Chamblon	258	350	237
5905	Champvent	120	170	148
5906	Chanéaz	31	52	43
5907	Chavannes-le-Chêne	90	130	91
5908	Chêne-Pâquier	32	50	44
5909	Cheseaux-Noréaz	195	257	296
591	Saxeten	33	43	38
5910	Cronay	102	143	162
5911	Cuarny	61	97	73
5912	Démoret	41	63	64
5913	Donneloye	120	179	151
5914	Ependes (VD)	108	172	120
5915	Essert-Pittet	44	69	51
5916	Essert-sous-Champvent	44	71	45
5917	Gossens	46	69	47
5918	Gressy	57	83	64
5919	Mathod	184	254	195
592	Schwanden bei Brienz	137	203	288
5920	Mézery-près-Donneloye	23	38	35
5921	Molondin	57	81	83
5922	Montagny-près-Yverdon	262	374	305
5923	Oppens	53	82	88
5924	Orges	73	116	104
5925	Orzens	64	101	108
5926	Pomy	221	300	264
5927	Prahins	46	69	54
5928	Rovray	27	44	50
5929	Suchy	133	187	136
593	Unterseen	1434	2245	2938
5930	Suscévaz	60	91	83
5931	Treycovagnes	231	311	184
5932	Ursins	68	97	78
5933	Valeyres-sous-Montagny	225	328	334
5934	Valeyres-sous-Ursins	67	107	89
5935	Villars-Epeney	22	37	22
5936	Villars-sous-Champvent	17	31	23
5937	Vugelles-La Mothe	34	50	46
5938	Yverdon-les-Bains	7637	11085	12559
5939	Yvonand	896	1178	1157
594	Wilderswil	717	1056	1115
6	Kappel am Albis	291	426	320
60	Höri	966	1405	902
6001	Birgisch	65	92	94
6002	Brig-Glis	3579	4879	4693
6004	Eggerberg	156	201	110
6006	Mund	207	246	156
6007	Naters	2809	3734	3696
6008	Ried-Brig	739	930	595
6009	Simplon	117	157	113
601	Aeschlen	97	127	91
6010	Termen	338	436	339
6011	Zwischbergen	37	53	47
602	Arni (BE)	297	382	314
6021	Ardon	963	1208	969
6022	Chamoson	813	1036	1197
6023	Conthey	2576	3385	3198
6024	Nendaz	1837	2245	2441
6025	Vétroz	1774	2139	1619
603	Biglen	489	694	682
6031	Bagnes	2401	3065	2650
6032	Bourg-Saint-Pierre	50	75	98
6033	Liddes	222	280	303
6034	Orsières	916	1122	1143
6035	Sembrancher	261	331	354
6036	Vollèges	529	607	544
604	Bleiken bei Oberdiessbach	112	154	124
605	Bowil	441	546	438
6051	Ausserbinn	14	25	15
6052	Bellwald	122	164	217
6054	Binn	43	64	70
6055	Blitzingen	20	31	28
6056	Ernen	121	168	160
6057	Fiesch	315	427	392
6058	Fieschertal	95	127	105
6059	Geschinen	15	26	28
606	Brenzikofen	151	210	191
6060	Gluringen	46	71	55
6061	Lax	108	143	112
6062	Mühlebach	17	25	38
6063	Münster (VS)	106	159	237
6064	Niederwald	13	21	25
6065	Obergesteln	56	97	100
6066	Oberwald	74	121	132
6067	Reckingen (VS)	116	150	132
607	Freimettigen	110	152	139
6070	Steinhaus	8	14	13
6071	Ulrichen	62	90	97
6073	Grafschaft	57	81	77
608	Grosshöchstetten	913	1225	1201
6081	Les Agettes	111	170	161
6082	Ayent	1011	1263	1617
6083	Evolène	606	737	575
6084	Hérémence	308	607	502
6085	Mase	59	91	113
6086	Nax	109	149	215
6087	Saint-Martin (VS)	289	369	459
6088	Vernamiège	36	51	76
6089	Vex	516	691	793
609	Häutligen	64	91	88
61	Hüntwangen	336	483	416
610	Herbligen	145	213	195
6101	Agarn	253	332	296
6102	Albinen	77	104	127
6103	Bratsch	159	222	220
6104	Ergisch	61	82	65
6105	Erschmatt	94	127	125
6107	Gampel	440	582	511
6109	Inden	23	40	45
611	Kiesen	211	307	259
6110	Leuk	1131	1467	1308
6111	Leukerbad	517	735	590
6112	Oberems	38	60	54
6113	Salgesch	421	545	560
6114	Turtmann	365	451	324
6115	Unterems	49	71	62
6116	Varen	194	262	266
6117	Guttet-Feschel	130	162	146
612	Konolfingen	1239	1709	1972
613	Landiswil	182	222	251
6131	Bovernier	229	296	332
6132	Charrat	396	484	454
6133	Fully	2189	2704	2049
6134	Isérables	292	354	394
6135	Leytron	674	875	981
6136	Martigny	4782	6420	5894
6137	Martigny-Combe	684	947	893
6139	Riddes	749	954	1120
614	Linden	339	506	484
6140	Saillon	551	737	635
6141	Saxon	1105	1428	1684
6142	Trient	45	66	52
615	Mirchel	152	219	174
6151	Champéry	348	485	578
6152	Collombey-Muraz	2720	3544	2130
6153	Monthey	4625	6443	5853
6154	Port-Valais	902	1213	1164
6155	Saint-Gingolph	207	288	369
6156	Troistorrents	1578	2081	1683
6157	Val-d'Illiez	518	657	629
6158	Vionnaz	627	841	826
6159	Vouvry	1067	1388	1300
616	Münsingen	3091	4365	4900
617	Niederhünigen	214	302	170
6171	Betten	156	211	154
6172	Bister	7	12	11
6173	Bitsch	337	445	283
6174	Filet	51	76	78
6175	Goppisberg	24	35	39
6176	Greich	44	68	66
6177	Grengiols	188	232	117
6178	Martisberg	6	10	7
6179	Mörel	135	189	263
618	Niederwichtrach	443	636	514
6180	Ried-Mörel	109	146	122
619	Oberdiessbach	813	1094	1052
6191	Ausserberg	211	257	297
6192	Blatten	98	126	127
6193	Bürchen	254	317	256
6194	Eischoll	160	205	225
6195	Ferden	116	145	91
6196	Hohtenn	56	86	84
6197	Kippel	133	171	141
6198	Niedergesteln	236	288	202
6199	Raron	599	771	713
62	Kloten	4724	7891	7623
620	Oberthal	228	302	266
6200	Steg	468	605	443
6201	Unterbäch	140	180	182
6202	Wiler (Lötschen)	217	258	141
621	Oberwichtrach	817	1166	882
6211	Collonges	158	212	232
6212	Dorénaz	237	305	185
6213	Evionnaz	335	425	400
6214	Finhaut	101	134	127
6215	Massongex	543	739	550
6216	Mex (VS)	39	60	58
6217	Saint-Maurice	1165	1492	1809
6218	Salvan	305	406	614
6219	Vernayaz	537	706	704
622	Oppligen	194	262	227
6220	Vérossaz	159	219	220
623	Rubigen	755	1168	960
6231	Ayer	206	282	318
6232	Chalais	1062	1385	1469
6233	Chandolin	29	51	47
6234	Chermignon	888	1173	1195
6235	Chippis	607	770	699
6237	Grimentz	139	200	165
6238	Grône	768	1040	956
6239	Icogne	138	205	229
624	Schlosswil	198	282	225
6240	Lens	1041	1339	1654
6241	Miège	389	511	484
6242	Mollens (VS)	222	321	392
6243	Montana	630	907	1085
6244	Randogne	970	1402	1627
6245	Saint-Jean	76	115	82
6246	Saint-Léonard	766	989	903
6247	Saint-Luc	130	168	145
6248	Sierre	4333	5868	6333
6249	Venthône	389	514	570
625	Tägertschi	94	153	101
6250	Veyras	581	770	741
6251	Vissoie	162	211	165
626	Walkringen	497	680	681
6261	Arbaz	317	446	527
6263	Grimisuat	1035	1334	1079
6264	Salins	355	458	475
6265	Savièse	2339	2943	2617
6266	Sion	8565	11777	10828
6267	Veysonnaz	170	228	172
627	Worb	3166	4618	4756
628	Zäziwil	419	601	536
6281	Baltschieder	515	662	402
6282	Eisten	68	92	70
6283	Embd	119	157	129
6285	Grächen	448	577	498
6286	Lalden	279	376	247
6287	Randa	147	190	121
6288	Saas Almagell	130	172	146
6289	Saas Balen	154	196	114
629	Oberhünigen	93	132	104
6290	Saas Fee	518	813	584
6291	Saas Grund	412	516	392
6292	St. Niklaus	829	1002	788
6293	Stalden (VS)	374	463	505
6294	Staldenried	219	264	190
6295	Täsch	344	451	223
6296	Törbel	176	221	165
6297	Visp	1910	2640	2564
6298	Visperterminen	513	615	476
6299	Zeneggen	90	124	106
63	Lufingen	487	819	713
630	Allmendingen	139	216	212
6300	Zermatt	1965	3160	1645
631	Trimstein	130	190	164
64	Nürensdorf	1581	2338	2621
6401	Auvernier	437	611	830
6402	Bevaix	1039	1402	1423
6403	Bôle	547	743	899
6404	Boudry	1606	2262	1987
6405	Brot-Dessous	20	35	39
6406	Colombier (NE)	1578	2076	2391
6407	Corcelles-Cormondrèche	1152	1574	2067
6408	Cortaillod	1340	1905	2025
6409	Fresens	49	73	67
6410	Gorgier	433	581	834
6411	Montalchez	48	73	63
6412	Peseux	1575	2311	2769
6413	Rochefort	329	465	449
6414	Saint-Aubin-Sauges	613	854	1004
6415	Vaumarcus	58	88	79
6421	La Chaux-de-Fonds	8312	12347	15941
6422	Les Planchettes	63	93	63
6423	La Sagne	233	324	368
6431	Les Brenets	267	372	517
6432	La Brévine	166	230	279
6433	Brot-Plamboz	66	90	88
6434	Le Cerneux-Péquignot	85	119	115
6435	La Chaux-du-Milieu	113	147	152
6436	Le Locle	2292	3278	4597
6437	Les Ponts-de-Martel	281	398	547
6451	Cornaux	501	671	575
6452	Cressier (NE)	566	758	624
6453	Enges	69	110	106
6454	Hauterive	722	1093	1122
6455	Le Landeron	1135	1590	1753
6456	Lignières	260	367	272
6457	Marin-Epagnier	1277	1703	1712
6458	Neuchâtel	6587	11813	13535
6459	Saint-Blaise	875	1224	1544
6460	Thielle-Wavre	256	327	211
6471	Boudevilliers	208	308	218
6472	Cernier	466	669	941
6473	Chézard-Saint-Martin	470	644	593
6474	Coffrane	202	283	247
6475	Dombresson	467	623	473
6476	Engollon	20	33	30
6477	Fenin-Vilars-Saules	243	363	330
6478	Fontainemelon	401	612	643
6479	Fontaines (NE)	328	426	270
6480	Les Geneveys-sur-Coffrane	404	565	540
6481	Les Hauts-Geneveys	212	320	323
6482	Montmollin	176	268	216
6483	Le Pâquier (NE)	57	85	65
6484	Savagnier	306	428	314
6485	Valangin	105	166	154
6486	Villiers	152	210	133
65	Oberembrach	347	520	454
6501	Les Bayards	94	132	128
6502	Boveresse	90	127	164
6503	Buttes	153	214	263
6504	La Côte-aux-Fées	129	196	247
6505	Couvet	623	862	1334
6506	Fleurier	855	1117	1617
6507	Môtiers (NE)	209	282	330
6508	Noiraigue	130	189	198
6509	Saint-Sulpice (NE)	162	223	235
6510	Travers	279	372	532
6511	Les Verrières	147	205	337
66	Opfikon	3464	6046	5798
6601	Aire-la-Ville	363	475	341
6602	Anières	983	1200	930
6603	Avully	811	1076	615
6604	Avusy	556	728	487
6605	Bardonnex	907	1209	823
6606	Bellevue	1330	1611	1084
6607	Bernex	3902	5057	3987
6608	Carouge (GE)	6259	9570	7367
6609	Cartigny	313	443	410
661	Clavaleyres	13	22	17
6610	Céligny	271	353	302
6611	Chancy	419	569	313
6612	Chêne-Bougeries	3634	4619	6111
6613	Chêne-Bourg	2855	4019	3753
6614	Choulex	380	492	460
6615	Collex-Bossy	669	894	614
6616	Collonge-Bellerive	3139	3661	3153
6617	Cologny	2047	2468	2434
6618	Confignon	1416	1742	1737
6619	Corsier (GE)	783	952	707
662	Ferenbalm	333	490	459
6620	Dardagny	621	794	446
6621	Genf	41633	74445	76831
6622	Genthod	1106	1371	1132
6623	Le Grand-Saconnex	3655	4901	4973
6624	Gy	188	229	135
6625	Hermance	365	481	416
6626	Jussy	458	593	520
6627	Laconnex	256	328	258
6628	Lancy	8730	11940	12378
6629	Meinier	671	897	874
663	Frauenkappelen	385	580	511
6630	Meyrin	6807	8923	8421
6631	Onex	6357	8604	8894
6632	Perly-Certoux	1118	1558	1126
6633	Plan-les-Ouates	3825	4846	3549
6634	Pregny-Chambésy	1414	1720	1699
6635	Presinge	221	303	283
6636	Puplinge	911	1184	856
6637	Russin	132	189	172
6638	Satigny	1171	1645	1279
6639	Soral	286	385	277
664	Golaten	90	127	83
6640	Thônex	5054	6479	6660
6641	Troinex	923	1171	980
6642	Vandoeuvres	1159	1411	1079
6643	Vernier	10883	14175	11817
6644	Versoix	4981	6409	5103
6645	Veyrier	4205	5138	4218
665	Gurbrü	59	88	104
666	Kriechenwil	99	144	179
667	Laupen	702	1067	1135
668	Mühleberg	699	1004	1044
669	Münchenwiler	137	190	174
67	Rafz	1346	1883	1465
670	Neuenegg	1196	1797	2297
6701	Bassecourt	924	1185	1359
6702	Boécourt	235	314	328
6703	Bourrignon	88	109	88
6704	Châtillon (JU)	133	176	142
6705	Corban	126	181	171
6706	Courchapoix	133	183	98
6707	Courfaivre	489	630	520
6708	Courrendlin	711	934	825
6709	Courroux	1016	1364	1261
671	Wileroltigen	118	167	120
6710	Courtételle	649	866	805
6711	Delémont	2817	4135	4781
6712	Develier	396	533	430
6713	Ederswiler	36	50	34
6714	Glovelier	351	481	417
6715	Mervelier	180	239	187
6716	Mettembert	35	54	35
6717	Montsevelier	151	203	187
6718	Movelier	116	167	141
6719	Pleigne	122	161	110
6720	Rebeuvelier	105	157	129
6721	Rossemaison	199	270	226
6722	Saulcy	70	95	96
6723	Soulce	70	101	97
6724	Soyhières	150	227	193
6725	Undervelier	79	113	111
6726	Vermes	81	125	120
6727	Vicques	562	728	534
6728	Vellerat	18	31	23
6741	Le Bémont (JU)	110	142	87
6742	Les Bois	316	389	378
6743	Les Breuleux	360	484	525
6744	La Chaux-des-Breuleux	23	37	28
6745	Les Enfers	39	53	45
6746	Epauvillers	31	49	66
6747	Epiquerez	25	38	24
6748	Les Genevez (JU)	147	187	174
6749	Goumois	25	39	32
6750	Lajoux (JU)	185	251	224
6751	Montfaucon	140	185	154
6752	Montfavergier	8	13	11
6753	Muriaux	126	171	150
6754	Le Noirmont	452	599	660
6755	Le Peuchapatte	10	17	12
6756	Les Pommerats	78	107	66
6757	Saignelégier	632	811	781
6758	Saint-Brais	65	86	69
6759	Soubey	40	59	53
6771	Alle	455	577	694
6772	Asuel	50	74	66
6773	Beurnevésin	38	59	51
6774	Boncourt	318	428	604
6775	Bonfol	156	209	361
6776	Bressaucourt	120	181	207
6777	Buix	118	164	200
6778	Bure	213	264	234
6779	Charmoille	96	138	131
6780	Chevenez	183	241	214
6781	Coeuve	198	253	217
6782	Cornol	229	327	335
6783	Courchavon	86	108	116
6784	Courgenay	568	748	909
6785	Courtedoux	211	272	296
6786	Courtemaîche	181	252	261
6787	Damphreux	45	67	55
6788	Damvant	32	47	49
6789	Fahy	106	143	130
6790	Fontenais	341	439	531
6791	Fregiécourt	33	49	53
6792	Grandfontaine	88	117	142
6793	Lugnez	56	75	83
6794	Miécourt	107	150	162
6795	Montenol	22	35	28
6796	Montignez	59	92	92
6797	Montmelon	26	43	31
6798	Ocourt	35	52	47
6799	Pleujouse	25	36	25
68	Rorbas	844	1234	863
6800	Porrentruy	1567	2197	3113
6801	Réclère	54	71	63
6802	Roche-d'Or	11	17	11
6803	Rocourt	32	50	61
6804	Saint-Ursanne	167	252	329
6805	Seleute	20	30	19
6806	Vendlincourt	157	208	227
681	Belprahon	109	145	148
682	Bévilard	413	550	834
683	Champoz	48	69	44
684	Châtelat	38	57	38
687	Corcelles (BE)	67	96	80
69	Wallisellen	3339	5280	6116
690	Court	360	485	598
691	Crémines	160	209	207
692	Eschert	97	136	160
694	Grandval	97	136	132
696	Loveresse	91	129	107
697	Malleray	502	690	792
699	Monible	9	17	10
7	Knonau	604	835	669
70	Wasterkingen	223	322	216
700	Moutier	1829	2578	3531
701	Perrefitte	150	218	249
702	Pontenet	50	79	92
703	Reconvilier	554	791	1070
704	Roches (BE)	58	96	93
706	Saicourt	185	248	194
707	Saules (BE)	39	62	50
708	Schelten	13	20	18
709	Seehof	26	35	21
71	Wil (ZH)	487	671	572
710	Sornetan	35	53	28
711	Sorvilier	66	105	102
712	Souboz	31	51	43
713	Tavannes	888	1248	1390
715	Rebévelier	16	21	12
72	Winkel	1267	2013	1708
721	Diesse	116	168	143
722	Lamboing	181	247	279
723	La Neuveville	866	1224	1639
724	Nods	195	262	257
725	Prêles	206	282	363
731	Aegerten	479	660	890
732	Bellmund	456	619	556
733	Brügg	1096	1668	2040
734	Bühl	103	152	167
735	Epsach	104	134	102
736	Hagneck	132	182	203
737	Hermrigen	69	98	106
738	Jens	208	286	309
739	Ipsach	1051	1580	1873
740	Ligerz	111	175	237
741	Merzligen	136	189	186
742	Mörigen	238	321	484
743	Nidau	1632	2544	4040
744	Orpund	727	1043	1362
745	Port	831	1199	1861
746	Safnern	563	770	910
747	Scheuren	159	217	193
748	Schwadernau	216	300	268
749	Studen	807	1184	1097
750	Sutz-Lattrigen	398	567	584
751	Täuffelen	593	867	1215
752	Tüscherz-Alfermée	65	119	179
753	Twann	205	303	361
754	Walperswil	222	304	339
755	Worben	617	862	863
761	Därstetten	255	312	301
762	Diemtigen	579	751	787
763	Erlenbach im Simmental	437	598	703
764	Niederstocken	80	108	99
765	Oberstocken	66	101	102
766	Oberwil im Simmental	238	284	313
767	Reutigen	241	325	416
768	Spiez	3325	4874	6775
769	Wimmis	624	834	955
781	Gadmen	60	87	120
782	Guttannen	87	121	125
783	Hasliberg	325	462	526
784	Innertkirchen	257	337	392
785	Meiringen	1220	1686	2007
786	Schattenhalb	166	235	246
791	Boltigen	391	486	528
792	Lenk	650	888	924
793	St. Stephan	378	482	471
794	Zweisimmen	709	970	1419
8	Maschwanden	193	281	232
81	Bachs	214	298	205
82	Boppelsen	439	666	586
83	Buchs (ZH)	1918	2942	1889
84	Dällikon	1252	1949	1403
841	Gsteig	245	337	365
842	Lauenen	237	301	277
843	Saanen	1883	2675	2647
85	Dänikon	718	1074	635
851	Albligen	142	202	170
852	Guggisberg	445	569	614
853	Rüschegg	431	602	664
854	Wahlern	1797	2400	2409
86	Dielsdorf	1828	2668	2130
861	Belp	2735	3987	4048
862	Belpberg	96	142	149
863	Burgistein	299	397	410
864	Englisberg	93	132	113
865	Gelterfingen	60	91	100
866	Gerzensee	247	364	380
867	Gurzelen	209	285	272
868	Jaberg	75	120	81
869	Kaufdorf	267	409	368
87	Hüttikon	204	291	273
870	Kehrsatz	1040	1469	1667
871	Kienersrüti	12	21	19
872	Kirchdorf (BE)	215	292	347
873	Kirchenthurnen	75	114	136
874	Lohnstorf	55	85	69
875	Mühledorf (BE)	63	97	79
876	Mühlethurnen	384	526	501
877	Niedermuhlern	151	199	170
878	Noflen	73	108	73
879	Riggisberg	554	747	777
88	Neerach	969	1525	1141
880	Rüeggisberg	530	692	688
881	Rümligen	136	185	136
882	Rüti bei Riggisberg	118	158	136
883	Seftigen	680	1002	886
884	Toffen	720	1019	1020
885	Uttigen	645	920	624
886	Wattenwil	755	1033	1049
887	Zimmerwald	193	264	326
89	Niederglatt	1478	2263	1848
9	Mettmenstetten	1616	2177	1727
90	Niederhasli	2982	4377	3088
901	Eggiwil	827	1001	689
902	Langnau im Emmental	2433	3223	3538
903	Lauperswil	723	975	941
904	Röthenbach im Emmental	421	512	356
905	Rüderswil	624	860	813
906	Schangnau	286	358	289
907	Signau	754	1002	989
908	Trub	424	512	554
909	Trubschachen	399	525	592
91	Niederweningen	892	1289	837
92	Oberglatt	1984	3197	2014
921	Amsoldingen	220	299	336
922	Blumenstein	305	409	464
923	Buchholterberg	439	567	483
924	Eriz	141	179	196
925	Fahrni	208	279	238
926	Forst	97	140	140
927	Heiligenschwendi	158	237	306
928	Heimberg	1833	2644	2349
929	Hilterfingen	914	1394	2480
93	Oberweningen	580	832	637
930	Höfen	113	157	129
931	Homberg	133	185	181
932	Horrenbach-Buchen	79	109	95
933	Längenbühl	94	148	130
934	Oberhofen am Thunersee	526	862	1402
935	Oberlangenegg	146	175	167
936	Pohlern	68	102	83
937	Schwendibach	65	98	92
938	Sigriswil	916	1317	2228
939	Steffisburg	4388	6537	7426
94	Otelfingen	842	1184	965
940	Teuffenthal (BE)	49	70	64
941	Thierachern	713	967	968
942	Thun	8625	13796	18799
943	Uebeschi	217	295	232
944	Uetendorf	1887	2644	2602
945	Unterlangenegg	271	345	303
946	Wachseldorn	76	97	77
947	Zwieselberg	70	100	108
95	Regensberg	137	237	243
951	Affoltern im Emmental	332	447	389
952	Dürrenroth	267	358	414
953	Eriswil	386	505	529
954	Huttwil	1136	1564	1973
955	Lützelflüh	1086	1440	1554
956	Rüegsau	797	1096	1168
957	Sumiswald	1416	1812	1896
958	Trachselwald	318	413	333
959	Walterswil (BE)	165	207	177
96	Regensdorf	4655	7195	6571
960	Wyssachen	331	434	443
97	Rümlang	1897	2959	3179
971	Attiswil	341	461	624
972	Berken	11	19	19
973	Bettenhausen	167	227	220
974	Bollodingen	63	92	90
975	Farnern	61	90	83
976	Graben	77	119	128
977	Heimenhausen	127	175	141
978	Hermiswil	29	44	30
979	Herzogenbuchsee	1289	1882	2610
98	Schleinikon	267	390	280
980	Inkwil	213	285	327
981	Niederbipp	1290	1715	1798
982	Niederönz	482	638	653
983	Oberbipp	445	596	533
984	Oberönz	260	376	457
985	Ochlenberg	178	231	206
986	Röthenbach bei Herzogenbuchsee	111	165	156
987	Rumisberg	140	196	254
988	Seeberg	382	503	496
989	Thörigen	272	408	396
99	Schöfflisdorf	422	633	528
990	Walliswil bei Niederbipp	62	101	78
991	Walliswil bei Wangen	136	211	252
992	Wangen an der Aare	529	737	861
993	Wangenried	105	149	158
994	Wanzwil	67	111	87
995	Wiedlisbach	591	850	905
996	Wolfisberg	53	82	75
