	676223.4200000018	676423.4200000018	676623.4200000018	676823.4200000018	677023.4200000018	677223.4200000018	677423.4200000018	677623.4200000018	677823.4200000018	678023.4200000018	678223.4200000018	678423.4200000018	678623.4200000018	678823.4200000018	679023.4200000018	679223.4200000018	679423.4200000018	679623.4200000018	679823.4200000018	680023.4200000018	680223.4200000018	680423.4200000018	680623.4200000018	680823.4200000018	681023.4200000018	681223.4200000018	681423.4200000018	681623.4200000018	681823.4200000018	682023.4200000018	682223.4200000018	682423.4200000018	682623.4200000018	682823.4200000018	683023.4200000018	683223.4200000018	683423.4200000018	683623.4200000018	683823.4200000018	684023.4200000018	684223.4200000018	684423.4200000018	684623.4200000018	684823.4200000018	685023.4200000018	685223.4200000018	685423.4200000018	685623.4200000018	685823.4200000018	686023.4200000018	686223.4200000018	686423.4200000018	686623.4200000018	686823.4200000018	687023.4200000018	687223.4200000018	687423.4200000018	687623.4200000018	687823.4200000018	688023.4200000018	688223.4200000018	688423.4200000018	688623.4200000018	688823.4200000018	689023.4200000018	689223.4200000018	689423.4200000018	689623.4200000018
241583.83100000024	NA	NA	NA	NA	NA	NA	NA	NA	NA	NA	NA	NA	NA	NA	NA	NA	NA	NA	NA	NA	NA	4.29917633956142	NA	NA	NA	NA	NA	NA	NA	NA	NA	NA	NA	NA	NA	NA	NA	NA	NA	NA	NA	NA	NA	NA	NA	NA	NA	NA	NA	NA	NA	NA	NA	NA	NA	NA	NA	NA	NA	NA	NA	NA	NA	NA	NA	NA	NA	NA
241783.83100000024	NA	NA	NA	NA	NA	NA	NA	NA	NA	NA	NA	NA	NA	NA	NA	NA	NA	NA	NA	NA	4.438408551746107	4.319837487959618	4.776482627136432	4.8968114855310345	5.017140343925706	5.1374692023203075	NA	NA	NA	NA	NA	NA	NA	NA	NA	NA	NA	NA	NA	NA	NA	NA	NA	NA	NA	NA	NA	NA	NA	NA	NA	NA	NA	NA	NA	NA	NA	NA	NA	NA	NA	NA	NA	NA	NA	NA	NA	NA
241983.83100000024	NA	NA	NA	NA	NA	NA	NA	NA	NA	NA	NA	NA	NA	NA	NA	NA	NA	NA	NA	NA	4.456414908488742	4.336513469168419	4.774999432873575	4.895312034753845	5.015624636634115	5.135937238514385	5.256249840394725	5.376562442274994	5.268134923939393	NA	NA	NA	NA	NA	NA	NA	NA	NA	NA	NA	NA	NA	NA	NA	NA	NA	NA	NA	NA	NA	NA	NA	NA	NA	NA	NA	NA	NA	NA	NA	NA	NA	NA	NA	NA	NA	NA	NA
242183.83100000024	NA	NA	NA	NA	NA	NA	NA	NA	NA	NA	NA	NA	NA	NA	NA	NA	NA	NA	NA	NA	NA	4.32838903992441	4.772271846000341	4.892600704395012	5.012929562789614	5.134109459374754	5.254422061255023	5.371554095791806	5.125939275142068	5.246743562905778	NA	NA	NA	NA	NA	NA	NA	NA	NA	NA	NA	NA	NA	NA	NA	NA	NA	NA	NA	NA	NA	NA	NA	NA	NA	NA	NA	NA	NA	NA	NA	NA	NA	NA	NA	NA	NA	NA
242383.83100000024	NA	NA	NA	NA	NA	NA	NA	NA	NA	NA	NA	NA	NA	NA	NA	NA	NA	NA	NA	NA	NA	4.30451605188471	4.77016645543233	4.890495313826931	5.010824172221603	5.131153030616205	5.251481889010806	5.010927045143182	5.1312771281897955	5.250371212813038	5.369465297436279	5.410128294819854	NA	NA	NA	NA	NA	NA	NA	NA	NA	NA	NA	NA	NA	NA	NA	NA	NA	NA	NA	NA	NA	NA	NA	NA	NA	NA	NA	NA	NA	NA	NA	NA	NA	NA	NA	NA
242583.83100000024	NA	NA	NA	NA	NA	NA	NA	NA	NA	NA	NA	NA	NA	NA	NA	NA	NA	NA	NA	NA	4.432860266230414	4.2806430638450115	4.838216891701947	4.957477596356852	5.076738301011756	5.195999005666731	5.3152597103216355	5.013301726505711	5.132862916451796	5.252424106397876	5.371985296344029	5.410953442334866	NA	NA	NA	NA	NA	NA	NA	NA	NA	NA	NA	NA	NA	NA	NA	NA	NA	NA	NA	NA	NA	NA	NA	NA	NA	NA	NA	NA	NA	NA	NA	NA	NA	NA	NA	NA
242783.83100000024	NA	NA	NA	NA	NA	NA	NA	NA	NA	NA	NA	NA	NA	NA	NA	NA	NA	NA	NA	NA	4.427491184112212	4.307249504698375	4.8543522924471505	4.974374715795491	5.092873701756959	5.212134406411864	5.33220559930327	5.406211962597512	5.099696004827576	5.219286759738199	5.33887751464875	5.399089263048946	5.278750780702442	5.1584122983559375	NA	NA	NA	NA	NA	NA	NA	NA	NA	NA	NA	NA	NA	NA	NA	NA	NA	NA	NA	NA	NA	NA	NA	NA	NA	NA	NA	NA	NA	NA	NA	NA	NA	NA
242983.83100000024	NA	NA	NA	NA	NA	NA	NA	NA	NA	NA	NA	NA	NA	NA	NA	NA	NA	NA	NA	NA	NA	4.301880422580174	4.870955543943009	4.990232505112315	5.109509466281551	5.228786427450788	5.348063388620024	5.408039741737143	5.287727139856873	5.200980562411664	5.320571317322216	5.386610673898983	5.266272191552479	5.145933709205975	5.025595226859403	NA	NA	NA	NA	NA	NA	NA	NA	NA	NA	NA	NA	NA	NA	NA	NA	NA	NA	NA	NA	NA	NA	NA	NA	NA	NA	NA	NA	NA	NA	NA	NA	NA
243183.83100000024	NA	NA	NA	NA	NA	NA	NA	NA	NA	NA	NA	NA	NA	NA	NA	NA	NA	NA	NA	NA	NA	4.767362389282583	4.886623093937487	5.00609029442907	5.125367255598376	5.244405207902272	5.363921177936848	5.40959599898284	5.289267140588169	5.162516672758339	5.302265119995679	5.375423962154862	5.253793602402519	5.134770145856992	5.013116637709441	4.894116329559188	NA	NA	NA	NA	NA	NA	NA	NA	NA	NA	NA	NA	NA	NA	NA	NA	NA	NA	NA	NA	NA	NA	NA	NA	NA	NA	NA	NA	NA	NA	NA	NA
243383.83100000024	NA	NA	NA	NA	NA	NA	NA	NA	NA	NA	NA	NA	NA	NA	NA	NA	NA	NA	NA	NA	NA	4.777256047081517	4.897481783916227	5.017707520750939	5.137933257585581	5.258158994420292	5.378384731255004	5.426116775204091	5.331245520324239	5.259499630936589	5.192521188713026	5.362448851935971	5.350250245782593	5.231727772193853	5.113205298605111	4.994682825016314	5.435276399277844	NA	NA	NA	NA	NA	NA	NA	NA	NA	NA	NA	NA	NA	NA	NA	NA	NA	NA	NA	NA	NA	NA	NA	NA	NA	NA	NA	NA	NA	NA	NA
243583.83100000024	NA	NA	NA	NA	NA	NA	NA	NA	NA	NA	NA	NA	NA	NA	NA	NA	NA	NA	NA	NA	4.295576304787144	4.774824055532535	4.895049792367247	5.0152755292018885	5.1355012660365995	5.255727002871311	5.375952739706022	5.375550808542021	5.428346948262413	5.362723993723281	5.295278284226488	5.380278526421838	5.3261919390289725	5.207669465440167	5.089146991851426	5.030331715932097	4.867078070786671	4.70382442564119	5.167493564168603	NA	NA	NA	NA	NA	NA	NA	NA	NA	NA	NA	NA	NA	NA	NA	NA	NA	NA	NA	NA	NA	NA	NA	NA	NA	NA	NA	NA	NA
243783.83100000024	NA	NA	NA	NA	NA	NA	NA	NA	NA	NA	NA	NA	NA	NA	NA	NA	NA	NA	NA	4.3298715114902535	4.2293632624879125	4.818275004544206	4.937813693001953	5.012843537652906	5.133069274487617	5.2532950113223285	5.20319191041374	5.293416637254998	5.352014123737835	5.389056204635779	5.392372022090527	5.405337367630166	5.30213363227528	5.183611158686538	5.578136532863793	5.094319228146608	5.351994598262293	5.238923630961548	5.125852663660793	4.739513832614881	NA	NA	NA	NA	NA	NA	NA	NA	NA	NA	NA	NA	NA	NA	NA	NA	NA	NA	NA	NA	NA	NA	NA	NA	NA	NA	NA	NA
243983.83100000024	NA	NA	NA	NA	NA	NA	NA	NA	NA	NA	NA	NA	NA	NA	NA	NA	NA	NA	NA	4.852303727807834	4.902236686207488	4.933601049581896	4.95087678383564	5.0704154722934565	5.189954160751273	5.3065342034726894	5.425972356025389	5.426239892015909	5.234897481046185	5.251433954593801	5.314776126426808	5.41422186712398	5.487345459698535	5.408019083881905	5.32156038550655	5.158306740361094	4.995053095215636	4.831799450070155	4.6685458049246975	4.816822577059256	4.901620204045763	NA	NA	NA	NA	NA	NA	NA	NA	NA	NA	NA	NA	NA	NA	NA	NA	NA	NA	NA	NA	NA	NA	NA	NA	NA	NA	NA
244183.83100000024	NA	NA	NA	NA	NA	NA	NA	NA	NA	NA	NA	NA	NA	NA	NA	NA	NA	NA	NA	4.954634436299237	5.013452188738554	5.051323872893008	5.063656721319272	5.0834785631271435	5.203017251584891	5.322555940042707	5.442094628500524	5.431831601111455	5.258854536699738	5.174115173912976	5.29991462578068	5.426775910109469	5.602606124919278	5.607925699148988	5.494854731848243	5.381783764547489	5.268712797246743	5.155641829946058	5.042570862645303	4.882146864149164	4.9861272163401384	5.078670603657785	5.171050333898428	NA	NA	NA	NA	NA	NA	NA	NA	NA	NA	NA	NA	NA	NA	NA	NA	NA	NA	NA	NA	NA	NA	NA	NA	NA
244383.83100000024	NA	NA	NA	NA	NA	NA	NA	NA	NA	NA	NA	NA	NA	NA	NA	NA	NA	NA	NA	5.049564862799407	5.12026796744842	5.167744521584412	5.1836467779034	5.164370616256583	5.1970791530576586	5.3103822822049365	5.420300803379973	5.477591327306219	5.363532925698389	5.234909773022583	5.312210381890896	5.433064162450378	5.588376333251186	5.579188680817083	5.459535619449984	5.335264633501444	5.123028119644577	5.114000929438248	4.888027957183073	4.983331977062496	5.070851395258511	5.1531024973217745	5.250777081417927	5.329301148018959	NA	NA	NA	NA	NA	NA	NA	NA	NA	NA	NA	NA	NA	NA	NA	NA	NA	NA	NA	NA	NA	NA	NA	NA
244583.83100000024	NA	NA	NA	NA	NA	NA	NA	NA	NA	NA	NA	NA	NA	NA	NA	NA	NA	4.9271357337969075	5.033268518112388	5.132404957333068	5.2188040017781745	5.281357050911863	5.303628326597704	5.27518726806552	5.1507220711151716	5.188589941647305	5.32972294659642	5.4523233417525745	5.405141071600707	5.2899667952307325	5.311717385119252	5.4004160849815195	5.513433158971621	5.549297337691566	5.429845441807363	5.310393545923158	5.190941650038956	5.071489754154753	4.945220936191367	5.051655417632312	5.154078763608186	5.241598181804269	5.316962324273471	5.420942676464445	5.350631562342059	5.238061721873888	5.145061386269836	NA	NA	NA	NA	NA	NA	NA	NA	NA	NA	NA	NA	NA	NA	NA	NA	NA	NA	NA	NA	NA
244783.83100000024	NA	NA	NA	NA	NA	NA	NA	NA	NA	NA	NA	NA	NA	NA	NA	NA	NA	4.968712675340527	5.083585201203722	5.195347525605258	5.300301251614005	5.387238377400564	5.423582289755016	5.385291513806453	5.372791372138794	5.334664066816059	5.291606535840268	5.400000331307071	5.364540512901021	5.423702632728983	5.315308837262179	5.504687238410385	5.494165337686218	5.5244262501133505	5.4049743542291475	5.285522458344943	5.16607056246074	4.895620257831331	5.0021416651692086	5.108663072507075	5.215282878081539	5.321717359522432	5.413878249291202	5.379122271506504	5.28881034157112	5.19117099183784	5.064920146250194	5.024569242659562	5.1436371946729205	5.089020061666169	NA	NA	NA	NA	NA	NA	NA	NA	NA	NA	NA	NA	NA	NA	NA	NA	NA	NA
244983.83100000024	NA	NA	NA	NA	NA	NA	NA	NA	NA	NA	NA	NA	NA	NA	NA	4.503279621429269	4.393788255831544	4.988616582093413	5.108270060491439	5.227690466623658	5.346526086893817	5.463042526904277	5.543264919076898	5.495443086269031	5.490492877734764	5.427614228854778	5.312193190106832	5.450266741691192	5.565441018061231	5.476025643174491	5.356775459434468	5.45649947660073	5.604325537565851	5.483771097825495	5.530275451705998	5.409993931749995	5.289712411793994	5.081118380647826	5.152638236474511	4.834645117649076	5.272475857089833	5.3789103385307255	5.268017543823498	5.333292954876343	5.22839671410631	5.118063555025361	4.927641379247114	5.046568367991361	5.165636320004719	5.124088166955502	5.178480177961536	5.093204540822736	NA	NA	NA	NA	NA	NA	4.91560228395622	NA	NA	NA	NA	NA	NA	NA	NA	NA
245183.83100000024	NA	NA	NA	NA	NA	NA	NA	NA	NA	NA	NA	NA	NA	NA	NA	4.452845515173637	4.865570112737389	4.9846846055723955	5.103358469011239	5.221159231932019	5.336835917150691	5.444985464471654	5.507356041392113	5.562748759530166	5.592356515087163	5.464007216354971	5.366404668511503	5.437264410626407	5.540245858614213	5.533530994309668	5.501416337540524	5.595069158128238	5.6113238647496235	5.490771545929088	5.5233465330812335	5.402863847642333	5.30036622949775	5.104425662425842	5.246883403477138	5.332164963142308	5.275615594253774	5.509875695192719	5.069875649100106	4.827047067218642	5.168577943165635	4.882302390287665	4.9783699165941275	5.074437442900532	5.1876354453365865	5.1781765620530065	5.092900924914208	5.007625287775424	NA	NA	NA	4.95363270071714	4.947684977894415	4.900445466415044	4.806417301858727	NA	NA	NA	NA	NA	NA	NA	NA	NA
245383.83100000024	NA	NA	NA	NA	NA	NA	NA	NA	NA	NA	NA	NA	NA	NA	4.484413497483399	4.384936768878522	4.842626458734473	4.957365196926788	5.0696974815685305	5.177623343228953	5.276469775623337	5.354211153554697	5.389662928742645	5.4329419251336235	5.51334297840716	5.49012116136951	5.505195000467925	5.472054116250183	5.582839558928297	5.479336365243752	5.550131055457029	5.210641571381291	5.618233030567333	5.663097039805536	5.542614354366636	5.422131668927736	5.301648983488839	5.207608547868854	5.23634776810757	5.381604830695149	5.511691689810183	5.550454698091259	5.476149541839593	5.204302157889865	4.9324547739402345	4.955587904947918	5.051655431254335	5.147722957560739	5.17170033489786	5.092597309005694	5.006150910934048	4.920022532282829	4.821371975053726	4.925850568440832	5.016150237014437	5.07172760139588	5.06235199153179	4.994603137668975	4.899290105725667	4.792683088337626	4.822678989439677	4.804882561350836	NA	NA	NA	5.25843732586211	5.219004586843324	NA
245583.83100000024	NA	NA	NA	NA	NA	NA	NA	NA	NA	NA	NA	NA	NA	NA	4.415412996286304	4.829781517577457	4.885442276827699	4.942074834605248	4.998707392382887	5.055339950160435	5.101910233577104	5.244770634969537	5.272016890950705	5.352654613651487	5.497064150163038	5.622764231396667	5.575525141444847	5.541423069973936	5.499822516092177	5.491761626474454	5.5419314309613394	5.610645149751499	5.674947192677592	5.682364861090939	5.5618821756520385	5.441399490213138	5.3209168047742414	5.338769933152943	5.40259881625147	5.443547510038849	5.558460953687393	5.58260976660969	5.465019588258152	5.314207463373133	5.4138822445565555	5.490295197477999	5.124940945914544	5.154514159108257	5.078101206186813	5.001688253265368	4.9217424188195835	4.836466781680785	4.856299768637547	4.975716547574503	5.089569381096888	5.184285348373605	5.164290107774163	5.060298272783669	4.945041229006374	4.956780306026929	4.941733992186795	4.922234600098817	4.901440361724667	4.878968544710602	4.901118049968897	5.163876710553615	NA	NA
245783.83100000024	NA	NA	NA	NA	NA	NA	NA	NA	NA	NA	NA	NA	NA	4.445889223694095	4.805268056461849	4.945949947433389	4.9802235369824	5.077728022918476	5.146238765197312	5.204466192663773	5.261098750441411	5.317731308218959	5.374363865996507	5.345250123914944	5.489249649609295	5.602225572897119	5.658588141002152	5.553551504238457	5.547837212047248	5.467328324180867	5.349596874129417	5.573703008606905	5.677931671088816	5.670023335605473	5.549938948466401	5.429854561327325	5.311375974831248	5.423778484687328	5.535713099209534	5.630082136246092	5.6808208293600755	5.543042982513864	5.5594589377256245	5.454825709419836	5.378305891462383	5.583894326189046	5.161243376950204	5.503341275548012	4.984502077475765	4.908089124554322	4.831676171632821	4.750887528633472	5.046624307436558	5.089331393871493	5.109254640356409	5.229556037528139	5.180705900522343	5.06714659616418	5.130345953761605	5.076298241136375	5.061483177042105	5.040459737297499	5.019814089032783	4.9992951706000905	5.014662007106192	5.069316095245135	NA	NA
245983.83100000024	NA	NA	NA	NA	NA	NA	NA	NA	NA	4.884759641013533	4.776261875049505	4.666110683276893	4.798439318088657	4.871860135986081	4.924674342299388	5.062118377289339	5.09639196683835	5.13013634134004	5.226161628783915	5.3460546835673375	5.40837124909104	5.462822237159399	5.460225394307615	5.304935403069829	5.443556026952563	5.557289728837579	5.64737879354979	5.469793766767967	5.578819732910335	5.51528969636969	5.539297003170344	5.623587699338073	5.74332997273654	5.704977887960469	5.585067229173457	5.249674898922465	5.339639037690514	5.471400633877219	5.583335248399478	5.695269862921737	5.643006397253151	5.501388347592304	5.621515059096941	5.583847612152599	5.611116166262171	5.498195727470614	5.526123287194222	4.997070731758673	5.333988234581401	4.814489995843218	4.738077042921773	5.117156161009047	5.159863247443988	4.990530376713808	5.136938419912014	5.283346463110146	5.307786989127221	5.281051363583821	5.246470897466588	5.196467768722744	5.180885270843339	5.1600037432752	5.138187816340898	5.119621796489583	5.128205964243468	5.168157959365614	NA	NA
246183.83100000024	NA	NA	NA	NA	NA	NA	NA	NA	NA	4.831697292295252	4.723013370818632	5.0166256861967	4.881930299722601	4.967715913607725	5.037315263934096	4.953155739660458	5.212560396694283	5.246833986243294	5.251542119897705	5.337764122298284	5.476213014268471	5.614336907265954	5.538877595946081	5.434279235237661	5.398918034599685	5.512651736484629	5.6263854383696446	5.4115978608623	5.485207535996833	5.55793063841489	5.541401657704612	5.663484948434165	5.774210522432568	5.719268124569952	5.599357465782939	5.330009271034953	5.420262937690321	5.510516604345681	5.630957397589421	5.6568307232619786	5.622622578143502	5.591863343282051	5.664830756455036	5.612196037147827	5.617354836088711	5.543561097763605	5.3340230822791215	5.356770246227597	4.832898086567225	5.164635193614745	4.644477914210726	5.219161361290624	5.207052991623487	5.194944621956367	5.050169145658576	5.146486077304908	5.33782858262143	5.312709050883864	5.2987225136176885	5.315869862523978	5.30014793487923	5.276910011694843	5.256561543649032	5.239948422379072	NA	NA	NA	NA
246383.83100000024	NA	NA	NA	NA	NA	NA	NA	NA	4.889052194048357	5.134138108140714	5.135934674530618	5.137731240920559	4.950336045914614	5.050576783115828	5.136644853247458	5.1937753235677	5.334515229530502	5.364240992486449	5.36959967616977	5.310917723842399	5.449366615812653	5.539089925280028	5.600675386935934	5.478300699665919	5.391478665519107	5.289047489009682	5.408303469345965	5.527559449682181	5.57129849912772	5.478075348522252	5.54825877550201	5.689133878986818	5.751816151357872	5.742069325947777	5.662876057734611	5.641889535110658	5.500556420365223	5.5551891485929605	5.724778830269708	5.693885386687402	5.666470414380839	5.653781360167444	5.555515854335057	5.507388253847593	5.592349803901352	5.518738464992188	5.620443125283208	5.606923281450653	5.163517034102114	5.085124715103445	5.041139955645622	5.098744003115956	5.086635633448811	5.074527263781674	4.9054236812551775	5.169629522874966	5.272678151816231	5.304719100979144	5.183537043435413	5.218636640344279	5.2478817304763	5.249586567587716	5.242796060620136	NA	NA	NA	NA	NA
246583.83100000024	NA	NA	NA	NA	NA	NA	NA	4.943378558634852	5.079417708833203	5.255243662864552	5.257040229254493	5.273802342733837	5.018741792106627	5.11898252930784	5.219223266509084	5.304522154574837	5.343470018998578	5.481100778433044	5.482798388128807	5.462856887756221	5.488042037970693	5.440449688695364	5.524779598739743	5.45854834047142	5.401158228083603	5.527398685838905	5.345272375339299	5.4833444991932545	5.427551341206239	4.949694643103393	5.720385726023319	5.578798299645935	5.744390234288389	5.681077816619158	5.795936056719238	5.757402295577672	5.549199461510142	5.570150365579831	5.73980372369486	5.7314876766383565	5.723079517359047	5.67080096557108	5.6903163090733235	5.525958661213388	5.630808375542998	5.513830329918033	5.367422286719827	5.493684341443241	5.225624291857709	5.199278141514179	5.14537352483973	5.071479421344545	4.966218275274143	4.954109905606981	4.942001535939861	5.113886868861035	5.218510871069894	5.323134873278693	5.068351573253128	5.10345117016202	5.127406514477359	5.130875990696183	5.124422333312004	5.146238260246307	NA	NA	NA	NA
246783.83100000024	NA	NA	NA	NA	NA	NA	5.182192316348201	4.8497049056703405	5.268531645194074	5.376349217588427	5.387872148384044	5.394216541367032	5.200358904664482	5.18738827549984	5.287629012701097	5.387869749902355	5.462876304836072	5.597960564379657	5.586166699372745	5.584708025883415	5.59978805724218	5.537696865005854	5.579702975462432	5.580877124847077	5.546177310890927	5.610336058358643	5.692830244459905	5.676584846282249	4.811751081417615	5.3463735790871905	5.820407525656963	5.863164873402674	5.785750889497161	5.7423638156160655	5.821981621338374	5.519777022581763	5.586463724942291	5.657554082938225	5.628630621148096	5.565433950406204	5.641256484445016	5.7140387335225915	5.697312063874969	5.62334029396632	5.6900082079868985	5.5158923087708365	5.278511452941201	5.336439744257977	5.344994150866838	5.309463963534295	5.2410090650356045	5.152881318948401	5.053647585463898	4.833692547432329	4.940445485498465	5.043494114439735	5.146542743380939	5.249591372322203	4.9531661030708705	4.988077472735627	5.006931298478419	5.0105493648066775	5.006048606003888	5.02786453293819	NA	NA	NA	NA
246983.83100000024	NA	NA	NA	NA	NA	NA	NA	5.331744709225622	5.50391300988542	5.497454772312302	5.4992513387022255	5.501047905092166	5.313365243860439	5.264415233383174	5.331150056112497	5.456275496094367	5.542386265674011	5.46520246526101	5.495556785763734	5.5414131050759945	5.575782410633783	5.57869239517855	5.673129889711402	5.703205909222716	5.657741730292393	5.713339564463683	5.735724133886318	5.777718739720644	5.730884219030436	5.88353691731879	5.820119940139711	5.786530188385915	5.8648274192792496	5.814894908162781	5.828309887850882	5.767872396940902	5.501281296550482	5.808668890839445	5.812317300119216	5.671461681622358	5.743603699418605	5.71424766576725	5.645005746954919	5.680939681350206	5.695200623019717	5.577436982697583	5.44860911936742	5.448472006073918	5.463580518834795	5.410296098975826	5.320619891127578	5.216255979815594	5.105487965850892	4.379594700948639	4.889945155100639	4.994569157309499	5.099193159518298	5.203817161727162	4.837980632888586	4.873080229797478	NA	NA	NA	NA	NA	NA	NA	NA
247183.83100000024	NA	NA	NA	NA	NA	NA	NA	NA	5.484139505200703	5.523702573234999	5.492970941637358	5.467971659229132	5.426371583056394	5.370222494570276	5.463454024128172	5.523066104072301	5.447459200686486	5.496955866217708	5.490953973552101	5.428214393116957	5.454222460691265	5.451252588853058	5.67003534187454	5.648938302995333	5.724881563987579	5.724614005645403	5.7640260866085775	5.727798990464315	5.80428109730258	5.81072046466519	5.801529234258625	5.850092883168935	5.821279987144041	5.92538836378752	5.929680667301733	5.724576986711836	5.692137279844618	5.726006104030869	5.706978832582867	5.701447093878474	5.6779048716479394	5.5946105514419635	5.519378959391614	5.659823083554624	5.675616187093189	5.617866674061316	5.555701487580275	5.560081498872183	5.577759684403409	5.484455851597412	5.3704952609439145	5.253017292191187	5.134390911045312	5.015253155833316	4.814310077063239	4.917358706004504	5.125384424844738	5.240195961886968	5.355007498929129	NA	NA	NA	NA	NA	NA	NA	NA	NA
247383.83100000024	NA	NA	NA	NA	NA	NA	NA	NA	5.370020433816971	5.412733242177485	5.4543333183502245	5.53924464121769	5.53937792225235	5.496629623953084	5.5415307912138365	5.46942565064093	5.498579953229162	5.575956453437424	5.56257512075169	5.455649751320529	5.3410417283074	5.3289238044774185	5.498386747124048	5.601221408678384	5.6821275500335515	5.714037599667945	5.738398538176118	5.8001479053780916	5.8024930903977054	5.835618143596418	5.843386366775412	5.915836244998599	5.792458038184165	5.949059427791212	5.922954411376351	5.771075616233564	5.76969673753155	5.785333853613452	5.664673422897504	5.743404092893416	5.687997223378504	5.586260381906904	5.6782120601339034	5.663066831111834	5.556484556249004	5.638278714142567	5.675339053791229	5.618019403023862	5.593381744309436	5.491021215345581	5.374395768056836	5.255772657613579	5.136517289254644	5.016983275466122	4.85168189186521	4.987401157113182	5.100637320887808	5.213873484662383	NA	NA	NA	NA	NA	NA	NA	NA	NA	NA
247583.83100000024	NA	NA	NA	NA	NA	NA	5.057328451548854	5.216526750636052	5.256206724377232	5.29972690298153	5.341326979154268	5.434731836986335	5.4924763330474935	5.5540249733802955	5.590579299632756	5.5907112341123755	5.582105895392199	5.586027892181275	5.609424419916009	5.579273215205962	5.649461876679239	5.58510716934964	5.591444118803024	5.597463418522846	5.611321131415863	5.740217212223207	5.756932860308865	5.792339299852897	5.806717223672482	5.852539430792753	5.422184774229729	5.874425296639022	5.908636109148408	5.8380728835262214	5.937539335620336	5.9498142179324995	5.85313367899435	5.825991127786089	5.890967812201429	5.764380148365248	5.6363583779286195	5.631789965331074	5.757242809915491	5.664725370162547	5.649208748902594	5.611789377587606	5.574282559596297	5.498381836812909	5.480722484387552	5.424188609025707	5.330666088400995	5.223871832557478	5.111553559044671	4.996525633635534	4.97026051781602	4.981045762481043	5.05961376516334	NA	NA	NA	NA	NA	NA	NA	NA	NA	NA	NA
247783.83100000024	NA	NA	NA	NA	NA	4.825445710341994	5.036061693313915	5.1025245849591885	5.145120487612835	5.182261444915781	5.270402038616629	5.3302190327549805	5.405764596324185	5.524629133473547	5.5010272289616875	5.558658887119866	5.542403429854618	5.566708973262655	5.611467622139529	5.671535509007591	5.6141851955624205	5.706203405047482	5.68440299875829	5.716839870135275	5.753145452817595	5.606427716021853	5.757040370205937	5.803843347025459	5.82585927776769	5.805528166107011	5.867670121551802	5.834021502153293	5.882094486751468	5.861544881267522	5.895910862968844	5.903571873061296	5.921373959490946	5.617636556365275	5.661916895694293	5.633526776539923	5.564139078133783	5.734639654840753	5.7069023537439065	5.635799312796187	5.556176673012397	5.496219747827172	5.456703003331743	5.4161078319734175	5.361084918176642	5.325812078066798	5.254563116639144	5.16400394860822	5.062907840505998	5.087885448214118	5.092262422038527	5.096639395862918	NA	NA	NA	NA	NA	NA	NA	NA	NA	NA	NA	NA
247983.83100000024	5.149466593131519	5.1809200417722945	5.062492878592756	4.92272808948819	4.804801448187693	4.804178952107055	4.948842445541161	4.988710875519449	5.0321141484168646	5.073714224589603	5.1619681844067475	5.1367479987786835	5.252447737911351	5.499391477323792	5.395171180851716	5.437052499530284	5.581358592585563	5.670884386012855	5.63509780083915	5.632800501674108	5.581055590311764	5.675250644174938	5.7034275696075545	5.783503674454458	5.741638865249303	5.6950504226502	5.810026988428535	5.805055279578757	5.812689678467103	5.788103148743067	5.831115610759074	5.855195791348055	5.768155663769235	5.799736828636036	5.861674795504209	5.852331408664136	5.921624062122969	5.80966225773923	5.752112556369324	5.576331192876522	5.0861853902188106	5.206563006757311	5.279131653558649	5.112599318804095	5.120234989482803	5.190515233527787	5.144290606311485	5.171735032689012	5.156626993083482	5.141518953477954	5.1607792164846185	5.0848900501255265	5.203798739476386	5.208175713300776	5.212552687125168	5.2169296609495595	NA	NA	NA	NA	NA	NA	NA	NA	NA	NA	NA	NA
248183.83100000024	NA	NA	NA	4.922383225448119	4.80395606226858	4.787572295929928	4.835028736101422	4.87489716607971	4.9147655960579995	4.975188847968602	5.099174846445987	5.223160844923305	5.347146843400677	5.471132841877994	5.456521110997555	5.407187520188961	5.503028329466087	5.58407066016052	5.644744506756114	5.648693951398544	5.781178354576132	5.778951287943598	5.7143950472926734	5.792050201246659	5.826407164593361	5.635943499554099	5.7586288573886515	5.773318722868896	5.761148283184256	5.845370248579531	5.839379630933139	5.850659543387517	5.875648955403004	5.852526373660946	5.82986880928605	5.857598259072794	5.909858771701068	5.7613814180723635	5.757761716886534	5.637770026544819	5.120834419916633	5.234188918801048	5.258578604004398	5.204984681088725	5.088016626851158	5.229806695049602	5.283381615339709	5.291205605152438	5.27609756554691	5.016802062239733	4.92898283831338	4.834402720942493	5.324089004563044	5.3284659783874355	5.332842952211826	5.337219926036218	NA	NA	NA	NA	NA	NA	NA	NA	NA	NA	NA	NA
248383.83100000024	NA	NA	NA	NA	4.782273572303412	4.6810580038724945	4.721215026661683	4.88490651578011	5.067403581647883	5.049930842561291	5.173916841038675	5.297902839515993	5.4218888379933645	5.5458748364706825	5.543541016414393	5.42784127728181	5.415133011921209	5.471862873118405	5.683471856816896	5.7791446233836075	5.778950694154202	5.814384298092375	5.823449404457788	5.765825303519026	5.794622374658316	5.803671249481601	5.527267333894308	5.634422518769595	5.687728282256427	5.753412094915418	5.863427959530279	5.857716010374805	5.786217548018482	5.1940085850131315	5.714087710743012	5.831542442344556	5.875280290987546	5.821806832613017	5.8144796433275	5.783731894083626	5.16395561059983	5.27945930691043	5.199654405672624	5.065912674686054	5.275308081198539	5.264226603285405	5.385290604143431	5.383114879021657	5.187764439136935	5.099934655222497	4.997693272959952	4.88694613717142	5.444379269649685	5.448756243474077	5.453133217298468	NA	NA	NA	NA	NA	NA	NA	NA	NA	NA	NA	NA	NA
248583.83100000024	NA	NA	NA	NA	4.903715586492992	4.7895989807774475	4.884667909063328	4.979736837349228	5.074805765635108	5.224663916192134	5.322560744371852	5.4273877384573606	5.532214732542868	5.620616831063371	5.630560921831314	5.576123478380368	5.589589014859913	5.611983992789102	5.75014119043549	5.734707120245093	5.6750834746755	5.743936507697501	5.837435345550509	5.82379016669979	5.807689251208626	5.769077209168969	5.726438229700511	5.700296292962736	5.645587157378748	5.752220862920532	5.835212851623048	5.891028762758057	5.886936398321721	5.801705137044863	5.466561633197645	5.858077688072433	5.808032050262383	5.841063453771535	5.827197925571726	5.728725050420884	5.630252175270028	5.223962521232283	5.12705417643616	5.040281655728977	5.054873186763177	5.171841241000774	5.302147451172511	5.358726816034085	5.265969340910118	5.1510375637523085	5.032566796548141	4.913298200807971	5.347757129998875	5.362221465950398	NA	NA	NA	NA	NA	NA	NA	NA	NA	NA	NA	NA	NA	NA
248783.83100000024	NA	NA	NA	NA	NA	4.884429302346554	4.9794982306324345	5.074567158918315	5.2879010530521295	5.264705015490095	5.395671837335632	5.482429877260958	5.592516484490531	5.697343478576039	5.67920800763453	5.735471257644133	5.715642396482713	5.6598515039928765	5.683785621206715	5.637071508852211	5.59035739649772	5.81894385640002	5.807676627134072	5.77876137947625	5.649591499999203	5.756363325004221	5.861952924206516	5.766869190909286	5.70085916588528	5.8122412638741885	5.85388399610763	5.896048687421783	5.892949606891611	5.878893965780446	5.854712903392127	5.55442501654266	5.641053195248808	4.819907039711766	4.6112370195698125	5.0914237781189255	5.180494553058412	5.067140054173986	4.9575539349487	4.954329084394744	5.05632485703096	5.100335490303394	5.205856877115099	5.290299156793015	5.248390148845885	5.142130013458124	5.026712744892292	4.908953501213162	5.228259478306654	5.242723814258177	5.257188150209701	NA	NA	NA	NA	NA	NA	NA	NA	NA	NA	NA	NA	NA
248983.83100000024	NA	NA	NA	NA	NA	4.979259623915672	5.074328552201552	5.349406282363533	5.398149788754245	5.446893295144942	5.454604265345093	5.566679758479132	5.653437798404457	5.645351247955372	5.726752857835838	5.716983287987988	5.681723576573714	5.579052750205249	5.713951656367047	5.482600356999503	5.424381703797414	5.719554167043432	5.709235966767207	5.814620586103107	5.731509835821705	5.695051131335666	5.835758622058995	5.783124271758877	5.781893725899519	5.876049571922098	5.873699316945242	5.773666875163188	5.876225916620227	5.903132158587921	5.7973976379653935	5.711684119406063	5.731031810577859	5.7657574526272155	5.680767428797236	5.165231091815144	5.138587809237799	5.025906734521775	4.910664364606364	4.7973098657219495	4.9357845270935465	5.041137526468478	5.126715670607346	5.172612690359611	5.152210600820979	5.079104810795834	4.981966372074887	4.874717938245244	4.7626853867773935	5.123226162565939	NA	NA	NA	NA	NA	NA	NA	NA	NA	NA	NA	NA	NA	NA
249183.83100000024	NA	NA	NA	NA	NA	NA	5.410911511674968	5.459655018065663	5.508398524456377	5.45436565862832	5.5494345869142	5.64450351520008	5.6799633960212415	5.623491093414657	5.616773302171059	5.750057310743453	5.772651247168528	5.745879519249255	5.681275260520416	5.459229363086334	5.542529990804418	5.568898503299002	5.648002214006694	5.702580833642142	5.844285410250003	5.811988533060793	5.742201113675715	5.732940222757003	5.8194897801746714	5.6032282399346895	5.743253860285609	5.713272479823119	5.828823148332063	5.826172658336045	5.810487042740573	5.810127702962088	5.734771587690563	5.756846213500426	5.068369991428624	5.154933649520226	5.094252171692054	4.981578459378871	4.86889738466279	4.756216309946756	4.872629071622604	4.958157189708258	5.0226986386055215	5.053190038407628	5.0400750744782	4.987807722020949	4.909510497966992	4.816098823408869	4.713990242997799	NA	NA	NA	NA	NA	NA	NA	NA	NA	NA	NA	NA	NA	NA	NA
249383.83100000024	NA	NA	NA	NA	NA	NA	NA	5.174956338593099	5.618647260158491	5.667390766549204	5.5962644603742335	5.6155422255717315	5.611595394799742	5.582379132680123	5.503947007317823	5.679261055359016	5.636593930140936	5.506075459437801	5.54499310869056	5.554083967729035	5.6475346205888	5.68718639923346	5.75460290848803	5.732077084071388	5.734240168283477	5.713149855628121	5.801073750177458	5.857325861662772	5.850126122107957	5.677918108360627	5.567319189164275	5.754212177737801	5.827419033549193	5.880782520756909	5.84978353187017	5.741357579292048	5.639972723025256	5.564341177440291	4.991662683252032	5.036116619555002	5.007780585401452	4.92743182907069	4.824569109519887	4.711888034803862	4.788931424961984	4.860240212407236	4.910830217988887	4.933451196972552	4.923836069564085	4.883890891671996	4.820177674791033	NA	NA	NA	NA	NA	NA	NA	NA	NA	NA	NA	NA	NA	NA	NA	NA	NA
249583.83100000024	NA	NA	NA	NA	NA	NA	NA	5.287855242125115	5.330667441529459	5.365563170619752	5.463376316496347	5.482654081693846	5.492601437255022	5.463385175135404	5.554537825286223	5.603644793351311	5.655649637666852	5.663745317043804	5.665687597963582	5.683279355755445	5.656619679743987	5.6661791312881995	5.611495980436919	5.754847396432382	5.779271987951716	5.7424707131339146	5.677452323205957	5.732917911760301	5.750804460993203	5.708331265207342	5.727469032987311	5.8374348856680935	5.806434677944203	5.774887147995915	5.811162522132574	5.732380740122373	5.7282273509823405	5.728910579958498	5.608137190253169	4.916351655839671	4.898569244532787	4.8409980677877185	4.758454664899865	4.662013712696734	4.554878684944879	4.754465067233446	4.795673974396095	4.813599975976199	4.806021651526009	4.773909672151774	4.720890625174381	4.651573446465215	NA	NA	NA	NA	NA	NA	NA	NA	NA	NA	NA	NA	NA	NA	NA	NA
249783.83100000024	NA	NA	NA	NA	NA	NA	NA	NA	NA	5.484961433751938	5.516797102531479	5.555360110521067	5.575016397657001	5.594842096167893	5.395991717585074	5.664306417189796	5.681511588386426	5.666258627421348	5.67194512385567	5.6921477596972885	5.667716479920805	5.659089965343453	5.64275226465509	5.730873841848154	5.793290742553122	5.769497125911707	5.724298355412946	5.691222582435731	5.691725781818464	5.796782624051173	5.714604352158372	5.631899762285196	5.701927800289626	5.5831304664862325	5.748143371185687	5.669016270386878	5.767754740132821	5.72064862576262	5.599875236057297	5.479101846351968	4.783585328418672	4.7397488088737285	4.6723992935897645	4.589083115500746	5.096662761435419	5.107881665442604	5.105128463533958	5.069658735087961	4.687446186541697	4.660676244250407	4.615565179517816	4.876782454039569	5.10190029664301	NA	NA	NA	NA	NA	NA	NA	NA	NA	NA	NA	NA	NA	NA	NA
249983.83100000024	NA	NA	NA	NA	NA	NA	NA	NA	5.556465248593519	5.599277447997863	5.591781743722322	5.671760396385626	5.667431645732417	5.635788224761125	5.604144803789844	5.58209663874342	5.581186116838944	5.661121451280685	5.5528372109018305	5.572275460222255	5.536006378543157	5.5409092189465845	5.523829442225974	5.720890925787888	5.785372223918615	5.719385130725171	5.643902038781905	5.573446361700393	5.632897872196763	5.688377040509915	5.733793185579423	5.740259155928567	5.780566894139103	5.654219489717012	5.749843999009983	5.781769086090594	5.806878439402994	5.724028648079009	5.61020830509105	5.539385935521776	5.471351922071097	5.364316387532656	5.303961063293921	5.263958669405749	5.216923738828631	5.227703609152969	5.223610428346322	5.177273105854711	5.205723658344071	5.236165143127866	5.271591700750325	4.989750300097872	5.020576596354711	NA	NA	NA	NA	NA	NA	NA	NA	NA	NA	NA	NA	NA	NA	NA
250183.83100000024	NA	NA	NA	NA	NA	NA	5.583739753316875	5.626551952721219	5.62950415183421	5.612612335522307	5.60835838883544	5.576904287584993	5.551465848958873	5.51974131913552	5.488016789312172	5.349407674833806	5.556241471950303	5.677919965223283	5.63818075870493	5.668166233708081	5.4225340412579826	5.426069636915305	5.746222206633651	5.718696897188046	5.673269680442092	5.623117027183925	5.547633935240676	5.463958267323633	5.525712732329578	5.733016983216429	5.748524213692675	5.712141356167568	5.771294614105709	5.709612833699575	5.792471967323376	5.796360666750104	5.684601986881806	5.796490457606537	5.707201830404482	5.639167816953802	5.5297535524895345	5.471534042459796	5.415683330844922	5.385339811630193	5.337184716221816	5.348403620228993	5.339183172804029	5.294148743980098	5.325588275611976	5.353454959434739	5.383896444218536	5.0969088399034295	5.138670328213469	5.176840551727702	5.229706816923746	5.489431325568645	NA	NA	NA	NA	NA	NA	NA	NA	NA	NA	NA	NA
250383.83100000024	NA	NA	NA	NA	NA	NA	NA	5.5268396492906815	5.509947832978778	5.493056016666891	5.490699853591091	5.466184305971599	5.435605551297441	5.394739843178742	5.3531558907637145	5.553001131053748	5.629445156718576	5.6743403806588635	5.645721475271207	5.621927161294719	5.667193515997345	5.449617584573767	5.474100124964559	5.6065943537115235	5.561167136965541	5.5157399202195885	5.451365831699428	5.37588273975616	5.417307148788321	5.671727216149473	5.634632561394738	5.664355819448489	5.642416036632998	5.764129496853215	5.727883988813937	5.790541674380625	5.833852236499645	5.842336831122415	5.806983711836523	5.71045814665157	5.632121243351852	5.57188093328781	5.5284452848617285	5.503273782115256	5.455680473122331	5.468283479228465	5.453496992825606	5.4098618061740416	5.440303290957802	5.470744775741597	5.501186260525408	5.204067379708986	5.256764060072274	5.282464470528611	5.338388915754161	NA	NA	NA	NA	NA	NA	NA	NA	NA	NA	NA	NA	NA
250583.83100000024	NA	NA	NA	NA	NA	NA	NA	5.40728333043529	5.390391514123387	5.373499697811484	5.371419595971029	5.403873718292776	5.4346147096976	5.5042257926058005	5.50076472540418	5.491668887997902	5.643428281658253	5.526731546018399	5.688285904782938	5.685266542449401	5.613345613664872	5.558426005695994	5.589920811113138	5.627015465867888	5.449064593489019	5.40363737674308	5.356330361075579	5.279614636214931	5.59421842137661	5.401797136967921	5.502771352385866	5.585210324255433	5.737316432438823	5.737508430028057	5.673504848297619	5.69851730901127	5.726616971788884	5.804631323650444	5.846355736777351	5.797497860517388	5.740355417249532	5.6853699337783885	5.6412072388785495	5.622931338470022	5.577706671008231	5.58892557501539	5.567810812847181	5.52790002023089	5.559339551862783	5.588034592048507	5.353906301833031	5.329473308742416	5.366924972877605	5.40110365039764	5.447071014584559	5.493404101236808	NA	NA	NA	NA	NA	NA	NA	NA	NA	NA	NA	NA
250783.83100000024	NA	NA	NA	NA	NA	NA	NA	NA	NA	NA	NA	5.514357896354338	5.553189890433666	5.613559705126119	5.648414387198311	5.608867275319504	5.569320163440698	5.622942850351239	5.665464713094167	5.593912846221219	5.671010524364783	5.653916668033627	5.703784043433351	5.690274538561417	5.63330053058595	5.576326522610464	5.246062507815852	5.231239195781279	5.3669616402201905	5.467989738660792	5.5688809078868555	5.670045935541983	5.7600251695884666	5.658750992162864	5.731394583605214	5.609977530352862	5.709537208029913	5.81431421002345	5.707083852851779	5.807334488557536	5.718452210789922	5.742960273189992	5.760211988806977	5.688986156415877	5.696260343197828	5.708863349303969	5.682124632868759	5.644441438787773	5.674882923571569	5.666031283989249	5.472209498229331	5.447776505138716	5.474083512683162	5.518651934246175	5.556692546870357	NA	NA	NA	NA	NA	NA	NA	NA	NA	NA	NA	NA	NA
250983.83100000024	NA	NA	NA	NA	NA	NA	NA	NA	NA	NA	NA	5.609454654707404	5.606796581204963	5.558443941301205	5.534019534650916	5.494562444579977	5.455015332701169	5.656373212225651	5.575473272272413	5.547435720198443	5.628650372098768	5.731962023082114	5.641054665076817	5.584080657101332	5.527106649125847	5.470132641150379	5.235036734366382	5.318522174807648	5.402007615248925	5.5341823403537	5.635210438794302	5.736238537234905	5.666039080128219	5.603248636541221	5.468649132554513	5.6701139029124175	5.742365347753433	5.7748097365204805	5.78163620192716	5.733194814922787	5.738759492436375	5.726134998364045	5.81018369011791	5.766321812791782	5.689677124940186	5.67063616030185	5.6462213344676515	5.684979104492323	5.704009001618788	5.433536207282804	5.590512694625647	5.566285433393199	5.581242052488718	5.636743006046208	5.662446076561316	NA	NA	NA	NA	NA	NA	NA	NA	NA	NA	NA	NA	NA
251183.83100000024	NA	NA	NA	NA	NA	NA	NA	NA	NA	NA	NA	5.49057199011922	5.606659701984695	5.490678686611937	5.415643549150521	5.380257613840453	5.340710501961647	5.566381771403965	5.486827187270866	5.485543031037391	5.60507780783679	5.724612584636191	5.606715094623784	5.486431261341677	5.420912767665762	5.297491387115191	5.315969415186398	5.405805153834087	5.489290594275362	5.572776034716629	5.701403040487161	5.66780593786489	5.643659566083536	5.6347725932442705	5.6248672308583085	5.6509544904513165	5.766906533457018	5.741827614292469	5.740760832052126	5.624155590407713	5.613771787266816	5.604570992961884	5.732686322361532	5.793523732076409	5.769188440815297	5.550684358487009	5.531907514446075	5.566620966692338	5.5069465561343325	5.551876811933494	5.63670702705082	5.684476514506228	5.6576019059859695	5.63302472268001	5.602374516298921	5.710355213132866	NA	NA	NA	NA	NA	NA	NA	NA	NA	NA	NA	NA
251383.83100000024	NA	NA	NA	NA	NA	NA	NA	NA	NA	NA	5.395608925300807	5.456798420813032	5.572886132678508	5.495370548503446	5.297267563650111	5.265952783100926	5.2264056712221185	5.476390330582213	5.350660497807089	5.470944331089196	5.5912281643713015	5.7115119976534094	5.603692774509726	5.497654752785318	5.449301113564866	5.417775538702894	5.415326287361953	5.493049309353227	5.576465673223748	5.659882037094326	5.640191156311501	5.626492010005215	5.674147931120157	5.729386699730542	5.643394498849044	5.525979884922506	5.540723982489804	5.663042058469423	5.661757182561071	5.636554488642608	5.610663635610815	5.5458830725494925	5.627703374194509	5.7030139935633235	5.764785689822632	5.752121261971544	5.506744481115327	5.5396165984695145	5.610165858858589	5.658510526795029	5.522200536978959	5.5898148524806714	NA	NA	NA	NA	NA	NA	NA	NA	NA	NA	NA	NA	NA	NA	NA	NA
251583.83100000024	NA	NA	NA	NA	NA	NA	NA	NA	NA	NA	NA	5.417035681610312	5.537845438094841	5.50351732973639	5.549286994058968	5.4925908647718265	5.393241132739158	5.235339759701206	5.355623592983311	5.475907426265419	5.596191259547455	5.716475092829562	5.656979422323687	5.605112667372212	5.558884355183299	5.5410889505005665	5.528501172726498	5.5860192703651	5.663831698442057	5.676515120076456	5.690088705242892	5.683362265335008	5.597533679489988	5.714965987764902	5.635650091989527	5.630094311622035	5.592834647593848	5.703320602507812	5.724389653468918	5.668327590318199	5.661366097659272	5.462757236285749	5.533329159561134	5.5950598564948155	5.68527437394746	5.775810282826343	5.622789946928876	5.597465830748987	5.747036385398632	NA	NA	NA	NA	NA	NA	NA	NA	NA	NA	NA	NA	NA	NA	NA	NA	NA	NA	NA
251783.83100000024	NA	NA	NA	NA	NA	NA	NA	5.210708950091569	5.162000587361957	5.17072430674995	5.291534063234413	5.4123438197188705	5.533153576203333	5.558378494927474	5.527486065561584	5.426269669704062	5.325053273846587	5.225876062141679	5.345137861691499	5.464399661241391	5.583661460791281	5.7021100854302915	5.654955737261777	5.670828579142478	5.678617256124786	5.66082185144201	5.64302644675925	5.677923671288499	5.672916920722403	5.6292419182500595	5.582236742824639	5.648342835422705	5.669978381034	5.693314211713376	5.669474259845899	5.689029649297808	5.680132069359793	5.661827400133275	5.6601442295560345	5.663372636385264	5.54120827810523	5.53390574023974	5.425334023167033	5.515548540619691	5.606372449926733	5.697945451162041	5.78238588273832	NA	NA	NA	NA	NA	NA	NA	NA	NA	NA	NA	NA	NA	NA	NA	NA	NA	NA	NA	NA	NA
251983.83100000024	NA	NA	NA	NA	NA	NA	NA	NA	5.051516409300397	5.194728243632244	5.3113419845975836	5.42519077119171	5.538362130009773	5.562445711100805	5.46156743281622	5.360689154531682	5.259810876247097	5.123743244977426	5.32313562760525	5.442351349762809	5.563440413579311	5.682702213129201	5.60301798373911	5.550544427554759	5.601325521283296	5.674336207727184	5.694025069391695	5.66406755464467	5.553332453001673	5.5160538665925785	5.470123816142208	5.635301735819953	5.645049284793667	5.670773486511938	5.668140355241843	5.6675604804857755	5.732979143088323	5.619334154346913	5.505509901341918	5.697751849429747	5.598594544773797	5.487454573748448	5.345822707291876	5.430532539709986	5.529561259239084	5.641114453340109	5.734291927549234	NA	NA	NA	NA	NA	NA	NA	NA	NA	NA	NA	NA	NA	NA	NA	NA	NA	NA	NA	NA	NA
252183.83100000024	NA	NA	NA	NA	NA	NA	NA	NA	5.098212849922654	5.232041018089524	5.346585646882013	5.461130275674503	5.577983797279397	5.5050932393031	5.398878921181709	5.293627279568548	5.192410883711025	5.23618168064792	5.279194263333088	5.085627854809227	5.514358121277696	5.633208268991605	5.5648264444713	5.599299508275068	5.679885109949011	5.631777865576128	5.582017653801499	5.545210966546834	5.52728693001033	5.398884819807179	5.359889016857934	5.514670829611247	5.524418378584977	5.6226950990507145	5.685692192180384	5.572115425336813	5.681842797613486	5.639994302253156	5.477197220482913	5.347214877654182	5.257742475929568	5.148015103652894	5.258739094094198	NA	5.463278467040609	5.586058453993766	5.705904693517573	NA	NA	NA	NA	NA	NA	NA	NA	NA	NA	NA	NA	NA	NA	NA	NA	NA	NA	NA	NA	NA
252383.83100000024	NA	NA	NA	NA	NA	NA	NA	NA	NA	NA	5.37129420135395	5.473699746346807	5.5584039732132	5.451493812893446	5.3420349791217285	5.2358206610003375	5.305607533633217	5.3486201163184	5.391632699003585	5.303533325629752	5.359707444835033	5.644547716373086	5.660093439854435	5.606337833512144	5.533327147068227	5.520900824833972	5.470010238211273	5.426354378449006	5.400325199595788	5.282229088400795	5.245897962777357	5.394039923402552	5.466320866494472	5.578075215751247	5.686705831663559	5.47927643975386	5.598558376122104	5.638060938234424	5.528333565957751	5.418606193681078	5.304823948621153	5.171653773333334	5.234547587855884	NA	NA	5.576255933146498	5.696102172670304	NA	NA	NA	NA	NA	NA	NA	NA	NA	NA	NA	NA	NA	NA	NA	NA	NA	NA	NA	NA	NA
252583.83100000024	NA	NA	NA	NA	NA	NA	NA	NA	NA	NA	NA	5.530543688406788	5.484077226451223	5.332610425131236	5.304753693084724	5.279691881490285	5.271278096255616	5.461058551988879	5.50407113467408	5.521438796450428	5.383204842833912	5.64809987546888	5.585047461737882	5.51001823638941	5.4370075499455375	5.404176332934389	5.35800282262109	5.3138092953460205	5.28146861149797	5.255439432644761	5.127781455206288	5.253205950367573	5.373043440731353	5.490368274815395	5.612718421458911	5.574501099918036	5.6011593853778106	5.687230919613266	5.576701015767189	5.433896432473011	5.3440849220012	NA	NA	NA	NA	NA	NA	NA	NA	NA	NA	NA	NA	NA	NA	NA	NA	NA	NA	NA	NA	NA	NA	NA	NA	NA	NA	NA
252783.83100000024	NA	NA	NA	NA	NA	NA	NA	NA	NA	NA	NA	NA	5.482163707028715	NA	NA	5.399807764186469	5.380650727417807	5.435496967287525	5.616412296117503	5.616255983057353	5.443050347947553	5.643795500456967	5.559305164498149	5.440203465261864	5.337105369609926	5.262160949106453	5.245995407030865	5.202932254603906	5.162612023400125	5.136582844546925	5.303780224876536	5.364794440235218	5.425808655593892	5.486822870952573	5.59497939112121	5.621946611162131	5.672636093195637	5.6238115218150755	5.600839635599735	5.513729626518434	NA	NA	NA	NA	NA	NA	NA	NA	NA	NA	NA	NA	NA	NA	NA	NA	NA	NA	NA	NA	NA	NA	NA	NA	NA	NA	NA	NA
252983.83100000024	NA	NA	NA	NA	NA	NA	NA	NA	NA	NA	NA	NA	NA	NA	NA	NA	5.500518298461868	5.537624196342638	5.569408626820328	5.514128754002184	5.448342218707575	5.1950320600944035	5.531877733845296	5.413767020478366	5.295656307111507	5.1775455937445765	5.121384466764533	5.163336421108612	5.205736661483805	5.346629673693404	5.4072307387043805	5.4683290876236565	5.5294274365429255	5.5905257854622015	5.651624134381469	5.6473277894449945	5.561939698508053	5.577423736181089	5.634571100130415	5.576030573631896	5.470440311525451	NA	NA	NA	NA	NA	NA	NA	NA	NA	NA	NA	NA	NA	NA	NA	NA	NA	NA	NA	NA	NA	NA	NA	NA	NA	NA	NA
253183.83100000024	NA	NA	NA	NA	NA	NA	NA	NA	NA	NA	NA	NA	NA	NA	NA	NA	5.563521069014573	5.582331158033469	5.496022903052531	5.474099337425096	5.473070536816726	5.581988036494424	5.461058135323966	5.340128234153511	5.1504070608435795	5.192359015187623	5.234310969531688	5.276262923875731	5.31821487821981	5.360166832563839	5.511054402961826	5.572521768586303	5.633535983945001	5.6211043914513175	5.578951687523202	5.537032215642006	5.544187832426617	5.6261829692736764	5.549007460077174	5.6365537815996705	5.56789542577325	NA	NA	NA	NA	NA	NA	NA	NA	NA	NA	NA	NA	NA	NA	NA	NA	NA	NA	NA	NA	NA	NA	NA	NA	NA	NA	NA
253383.83100000024	NA	NA	NA	NA	NA	NA	NA	NA	NA	NA	NA	NA	NA	NA	5.51220653690647	5.59410556525399	5.564064427687117	5.581900198066641	5.61415995756317	5.592236391935734	5.499998047918042	5.587539878726285	5.466672230914267	5.345804583102314	5.263333563610699	5.305285517954778	5.347237472298806	5.389189426642886	5.431141380986929	5.473093335330994	5.614878067219246	5.592290064411581	5.550253976506943	5.507977139100126	5.413187101919928	5.529379994009301	5.625405057939172	5.596989650367707	5.518039254730791	5.570845306674682	5.636010268841575	NA	NA	NA	NA	NA	NA	NA	NA	NA	NA	NA	NA	NA	NA	NA	NA	NA	NA	NA	NA	NA	NA	NA	NA	NA	NA	NA
253583.83100000024	NA	NA	NA	NA	NA	NA	NA	NA	NA	NA	NA	NA	NA	5.510781251549999	5.60207341517945	5.560373406534028	5.467908077473413	5.524170453253546	5.523492396548028	5.53335657439728	5.527249917687964	5.582671298053816	5.46864861890735	5.349740825765411	5.3750533005719685	5.418287906316898	5.460323994221557	5.502360082126194	5.544067883754084	5.4916873290873145	4.981296450666225	5.085000376307145	5.188284915806468	5.291569455305787	5.447152749168238	5.56334564125761	5.653635329991917	5.654629728466866	5.6382167282585	5.676455548858976	NA	NA	NA	NA	NA	NA	NA	NA	NA	NA	NA	NA	NA	NA	NA	NA	NA	NA	NA	NA	NA	NA	NA	NA	NA	NA	NA	NA
253783.83100000024	NA	NA	NA	NA	NA	NA	NA	NA	NA	NA	NA	NA	NA	NA	5.53581033457171	5.457162911467513	5.411539239827783	5.404245631829629	5.403743891865813	5.438538690102205	5.555526572581561	5.536782519420875	5.42551727842184	5.366163586373419	5.4658853355865915	5.531138523489015	5.570746291750328	5.509852095629128	5.448837880270446	5.387823664911772	5.027817332592021	5.1388214398320144	5.249825547072017	5.354813299997844	5.4582091183988055	5.561604936799762	5.631800603165233	5.689893727246415	5.649711655222803	5.6420714912784105	NA	NA	NA	NA	NA	NA	NA	NA	NA	NA	NA	NA	NA	NA	NA	NA	NA	NA	NA	NA	NA	NA	NA	NA	NA	NA	NA	NA
253983.83100000024	NA	NA	NA	NA	NA	NA	NA	NA	NA	NA	NA	NA	NA	NA	NA	NA	NA	5.284320810405712	5.283995387183567	5.466815344995804	5.583803227475224	5.490893740787935	NA	NA	NA	NA	NA	NA	NA	5.28362758073507	NA	NA	NA	NA	NA	NA	NA	NA	NA	NA	NA	NA	NA	NA	NA	NA	NA	NA	NA	NA	NA	NA	NA	NA	NA	NA	NA	NA	NA	NA	NA	NA	NA	NA	NA	NA	NA	NA
254183.83100000024	NA	NA	NA	NA	NA	NA	NA	NA	NA	NA	NA	NA	NA	NA	NA	NA	NA	NA	NA	5.483542815975122	NA	NA	NA	NA	NA	NA	NA	NA	NA	NA	NA	NA	NA	NA	NA	NA	NA	NA	NA	NA	NA	NA	NA	NA	NA	NA	NA	NA	NA	NA	NA	NA	NA	NA	NA	NA	NA	NA	NA	NA	NA	NA	NA	NA	NA	NA	NA	NA
