	676223.4200000018	676423.4200000018	676623.4200000018	676823.4200000018	677023.4200000018	677223.4200000018	677423.4200000018	677623.4200000018	677823.4200000018	678023.4200000018	678223.4200000018	678423.4200000018	678623.4200000018	678823.4200000018	679023.4200000018	679223.4200000018	679423.4200000018	679623.4200000018	679823.4200000018	680023.4200000018	680223.4200000018	680423.4200000018	680623.4200000018	680823.4200000018	681023.4200000018	681223.4200000018	681423.4200000018	681623.4200000018	681823.4200000018	682023.4200000018	682223.4200000018	682423.4200000018	682623.4200000018	682823.4200000018	683023.4200000018	683223.4200000018	683423.4200000018	683623.4200000018	683823.4200000018	684023.4200000018	684223.4200000018	684423.4200000018	684623.4200000018	684823.4200000018	685023.4200000018	685223.4200000018	685423.4200000018	685623.4200000018	685823.4200000018	686023.4200000018	686223.4200000018	686423.4200000018	686623.4200000018	686823.4200000018	687023.4200000018	687223.4200000018	687423.4200000018	687623.4200000018	687823.4200000018	688023.4200000018	688223.4200000018	688423.4200000018	688623.4200000018	688823.4200000018	689023.4200000018	689223.4200000018	689423.4200000018	689623.4200000018
241583.83100000024	NaN	NaN	NaN	NaN	NaN	NaN	NaN	NaN	NaN	NaN	NaN	NaN	NaN	NaN	NaN	NaN	NaN	NaN	NaN	NaN	NaN	-1.15724757383205	NaN	NaN	NaN	NaN	NaN	NaN	NaN	NaN	NaN	NaN	NaN	NaN	NaN	NaN	NaN	NaN	NaN	NaN	NaN	NaN	NaN	NaN	NaN	NaN	NaN	NaN	NaN	NaN	NaN	NaN	NaN	NaN	NaN	NaN	NaN	NaN	NaN	NaN	NaN	NaN	NaN	NaN	NaN	NaN	NaN	NaN
241783.83100000024	NaN	NaN	NaN	NaN	NaN	NaN	NaN	NaN	NaN	NaN	NaN	NaN	NaN	NaN	NaN	NaN	NaN	NaN	NaN	NaN	-0.6003187250933013	-1.074602980239259	1.5070540055777761	1.988304413098856	2.4695548206202145	2.950805228141295	NaN	NaN	NaN	NaN	NaN	NaN	NaN	NaN	NaN	NaN	NaN	NaN	NaN	NaN	NaN	NaN	NaN	NaN	NaN	NaN	NaN	NaN	NaN	NaN	NaN	NaN	NaN	NaN	NaN	NaN	NaN	NaN	NaN	NaN	NaN	NaN	NaN	NaN	NaN	NaN	NaN	NaN
241983.83100000024	NaN	NaN	NaN	NaN	NaN	NaN	NaN	NaN	NaN	NaN	NaN	NaN	NaN	NaN	NaN	NaN	NaN	NaN	NaN	NaN	-0.5282932981227645	-1.0078990554040574	1.4997428890192483	1.980993296540329	2.4622437040614096	2.9434941115824897	3.424744519103848	3.905994926624928	3.472284853282524	NaN	NaN	NaN	NaN	NaN	NaN	NaN	NaN	NaN	NaN	NaN	NaN	NaN	NaN	NaN	NaN	NaN	NaN	NaN	NaN	NaN	NaN	NaN	NaN	NaN	NaN	NaN	NaN	NaN	NaN	NaN	NaN	NaN	NaN	NaN	NaN	NaN	NaN	NaN
242183.83100000024	NaN	NaN	NaN	NaN	NaN	NaN	NaN	NaN	NaN	NaN	NaN	NaN	NaN	NaN	NaN	NaN	NaN	NaN	NaN	NaN	NaN	-1.0403967723800922	1.492431772460444	1.9736821799818018	2.4549325875028827	2.9361829950239624	3.417433402545043	3.8859615406921733	3.4088536960152274	3.337269278409806	NaN	NaN	NaN	NaN	NaN	NaN	NaN	NaN	NaN	NaN	NaN	NaN	NaN	NaN	NaN	NaN	NaN	NaN	NaN	NaN	NaN	NaN	NaN	NaN	NaN	NaN	NaN	NaN	NaN	NaN	NaN	NaN	NaN	NaN	NaN	NaN	NaN	NaN
242383.83100000024	NaN	NaN	NaN	NaN	NaN	NaN	NaN	NaN	NaN	NaN	NaN	NaN	NaN	NaN	NaN	NaN	NaN	NaN	NaN	NaN	NaN	-1.1358887245388896	1.485120655901917	1.9663710634229972	2.4476214709443553	2.9288718784654355	3.4101222859865157	3.8225303834251565	3.3454225387479313	3.3517798780388413	3.828156216531807	4.100602640678342	NaN	NaN	NaN	NaN	NaN	NaN	NaN	NaN	NaN	NaN	NaN	NaN	NaN	NaN	NaN	NaN	NaN	NaN	NaN	NaN	NaN	NaN	NaN	NaN	NaN	NaN	NaN	NaN	NaN	NaN	NaN	NaN	NaN	NaN	NaN	NaN
242583.83100000024	NaN	NaN	NaN	NaN	NaN	NaN	NaN	NaN	NaN	NaN	NaN	NaN	NaN	NaN	NaN	NaN	NaN	NaN	NaN	NaN	-0.6344315703860974	-1.2313806766976874	1.8383519713490177	2.3154598160259616	2.7925676607029075	3.2696755053801323	3.7467833500570773	4.098928843942812	3.6176784364217327	3.345517476428957	3.8237622362135664	4.057137319977221	NaN	NaN	NaN	NaN	NaN	NaN	NaN	NaN	NaN	NaN	NaN	NaN	NaN	NaN	NaN	NaN	NaN	NaN	NaN	NaN	NaN	NaN	NaN	NaN	NaN	NaN	NaN	NaN	NaN	NaN	NaN	NaN	NaN	NaN	NaN	NaN
242783.83100000024	NaN	NaN	NaN	NaN	NaN	NaN	NaN	NaN	NaN	NaN	NaN	NaN	NaN	NaN	NaN	NaN	NaN	NaN	NaN	NaN	-0.655907898858903	-1.1368746165142525	1.901783128616314	2.3788909732932586	2.855998817970203	3.333106662647149	3.8102145073243734	4.10623996050134	3.6249895529802596	3.393095443097682	3.871340202882005	3.9899194429225924	3.5580796924358102	3.76818189834965	NaN	NaN	NaN	NaN	NaN	NaN	NaN	NaN	NaN	NaN	NaN	NaN	NaN	NaN	NaN	NaN	NaN	NaN	NaN	NaN	NaN	NaN	NaN	NaN	NaN	NaN	NaN	NaN	NaN	NaN	NaN	NaN	NaN	NaN
242983.83100000024	NaN	NaN	NaN	NaN	NaN	NaN	NaN	NaN	NaN	NaN	NaN	NaN	NaN	NaN	NaN	NaN	NaN	NaN	NaN	NaN	NaN	1.4881064412063842	1.9652142858833306	2.442322130560555	2.9194299752375	3.3965378199144456	3.8736456645913893	4.113551077059868	3.632300669538786	3.4406734097661196	3.9189181695504565	3.941911177685411	3.7683790908800074	3.6719486713351333	3.1978587769799134	NaN	NaN	NaN	NaN	NaN	NaN	NaN	NaN	NaN	NaN	NaN	NaN	NaN	NaN	NaN	NaN	NaN	NaN	NaN	NaN	NaN	NaN	NaN	NaN	NaN	NaN	NaN	NaN	NaN	NaN	NaN	NaN	NaN
243183.83100000024	NaN	NaN	NaN	NaN	NaN	NaN	NaN	NaN	NaN	NaN	NaN	NaN	NaN	NaN	NaN	NaN	NaN	NaN	NaN	NaN	NaN	1.5515375984736808	2.028645443150626	2.505753287827572	2.9828611325047967	3.4599689771817417	3.9370768218586862	4.120862193618672	3.6396117860973143	3.4882513764345715	3.9664961362188933	3.8939029124482296	3.978678489324189	3.5757154443203927	3.8646989188911514	4.279532239017049	NaN	NaN	NaN	NaN	NaN	NaN	NaN	NaN	NaN	NaN	NaN	NaN	NaN	NaN	NaN	NaN	NaN	NaN	NaN	NaN	NaN	NaN	NaN	NaN	NaN	NaN	NaN	NaN	NaN	NaN	NaN	NaN
243383.83100000024	NaN	NaN	NaN	NaN	NaN	NaN	NaN	NaN	NaN	NaN	NaN	NaN	NaN	NaN	NaN	NaN	NaN	NaN	NaN	NaN	NaN	1.5904162984373593	2.071319245776204	2.5522221931150497	3.033125140453616	3.514028087792462	3.9949310351313065	4.185859210927656	3.823291125990248	3.5358293431030092	4.0140741028873315	4.002366536274096	3.9535721116605878	3.4794822173056215	4.110091356378727	4.3337382034838825	3.8814543342808636	NaN	NaN	NaN	NaN	NaN	NaN	NaN	NaN	NaN	NaN	NaN	NaN	NaN	NaN	NaN	NaN	NaN	NaN	NaN	NaN	NaN	NaN	NaN	NaN	NaN	NaN	NaN	NaN	NaN	NaN	NaN
243583.83100000024	NaN	NaN	NaN	NaN	NaN	NaN	NaN	NaN	NaN	NaN	NaN	NaN	NaN	NaN	NaN	NaN	NaN	NaN	NaN	NaN	-1.1835674161591805	1.5806883322414338	2.0615912795802784	2.542494226918845	3.0233971742576906	3.5043001215965357	3.985203068935381	4.074472344302874	4.210860558607118	3.940848836117061	4.02871315099003	4.073685234217566	3.8573388846461008	3.940650473740669	4.355483793866543	4.167174601452643	3.714890732249902	3.262606863046884	2.8103229938439007	NaN	NaN	NaN	NaN	NaN	NaN	NaN	NaN	NaN	NaN	NaN	NaN	NaN	NaN	NaN	NaN	NaN	NaN	NaN	NaN	NaN	NaN	NaN	NaN	NaN	NaN	NaN	NaN	NaN
243783.83100000024	NaN	NaN	NaN	NaN	NaN	NaN	NaN	NaN	NaN	NaN	NaN	NaN	NaN	NaN	NaN	NaN	NaN	NaN	NaN	-1.0463865893467403	-1.448419585356103	1.6120905817226752	2.0902453355536617	2.5327662607229198	3.0136692080617644	3.49457215540061	3.9754751027391766	4.022219980968124	3.902639564799111	4.042094228830237	4.112144343953864	4.173920599050875	3.76110565763133	4.186042911228245	4.452894868624663	4.000610999421681	3.548327130218663	3.0960432610156805	2.643759391812662	2.1914755226099216	NaN	NaN	NaN	NaN	NaN	NaN	NaN	NaN	NaN	NaN	NaN	NaN	NaN	NaN	NaN	NaN	NaN	NaN	NaN	NaN	NaN	NaN	NaN	NaN	NaN	NaN	NaN	NaN
243983.83100000024	NaN	NaN	NaN	NaN	NaN	NaN	NaN	NaN	NaN	NaN	NaN	NaN	NaN	NaN	NaN	NaN	NaN	NaN	NaN	-1.3112387585436633	1.7005780404707447	1.826035493968376	2.142497698888411	2.6206524527196775	3.098807206550944	3.576961960381931	4.055116714213197	4.056589001795743	3.5756860544568982	3.6785632431083353	3.83815641566664	4.162361773919247	3.65916396644872	4.43143534871606	4.286331266593666	3.8340473973906835	3.3817635281877014	2.929479658984683	2.4771957897817005	2.0249119205786825	1.947638515986418	NaN	NaN	NaN	NaN	NaN	NaN	NaN	NaN	NaN	NaN	NaN	NaN	NaN	NaN	NaN	NaN	NaN	NaN	NaN	NaN	NaN	NaN	NaN	NaN	NaN	NaN	NaN
244183.83100000024	NaN	NaN	NaN	NaN	NaN	NaN	NaN	NaN	NaN	NaN	NaN	NaN	NaN	NaN	NaN	NaN	NaN	NaN	NaN	1.9101690408377403	2.1454400505950075	2.296926787212822	2.3462581809178795	2.672904816054427	3.151059569885414	3.6292143237166807	4.107369077547947	4.066316967991669	3.561592519849163	4.032659124300399	4.042217807195623	4.190653389844838	4.571101985939091	4.572051533765445	4.119767664562462	3.6674837953594444	3.2151999261564623	2.762916056953721	2.3106321877507026	1.8341927982900943	2.2501142070539872	2.6202877563245766	3.025546667291567	NaN	NaN	NaN	NaN	NaN	NaN	NaN	NaN	NaN	NaN	NaN	NaN	NaN	NaN	NaN	NaN	NaN	NaN	NaN	NaN	NaN	NaN	NaN	NaN	NaN
244383.83100000024	NaN	NaN	NaN	NaN	NaN	NaN	NaN	NaN	NaN	NaN	NaN	NaN	NaN	NaN	NaN	NaN	NaN	NaN	NaN	2.2898907468384238	2.5727031654344743	2.762609381978439	2.8262184072543914	2.7491137606671234	3.1273071757764876	3.577935496094007	4.020193777065746	4.1838215595561055	3.800080173351688	4.1279374919619585	3.994639840527187	4.203777630632917	4.514182819266723	4.4370224382488965	3.9592148547120862	3.4814072711752644	3.048636324125465	2.596352454922482	1.7990118399310755	2.180322365771645	2.530400038555701	2.9117844229205283	3.3087136673651436	3.658835046101264	NaN	NaN	NaN	NaN	NaN	NaN	NaN	NaN	NaN	NaN	NaN	NaN	NaN	NaN	NaN	NaN	NaN	NaN	NaN	NaN	NaN	NaN	NaN	NaN
244583.83100000024	NaN	NaN	NaN	NaN	NaN	NaN	NaN	NaN	NaN	NaN	NaN	NaN	NaN	NaN	NaN	NaN	NaN	1.8001742308284214	2.224705368090345	2.6212511249730657	2.966847302753488	3.217059499288248	3.3061446020316088	3.1924356920356853	2.9418788480065383	3.384137128978291	3.8263954099500452	4.226826454153401	3.802095347756978	4.22321585962379	3.9470618738587344	4.086071089999222	4.434312177576745	4.337538087935755	3.8597305043989443	3.381922920862122	2.9041153373253112	2.4263077537885005	2.027286479064784	2.453372108416295	2.863309511954401	3.2133871847387354	3.5734546387873216	3.989376047551214	3.708131591061672	3.2938773415209814	2.9218759991047736	NaN	NaN	NaN	NaN	NaN	NaN	NaN	NaN	NaN	NaN	NaN	NaN	NaN	NaN	NaN	NaN	NaN	NaN	NaN	NaN	NaN
244783.83100000024	NaN	NaN	NaN	NaN	NaN	NaN	NaN	NaN	NaN	NaN	NaN	NaN	NaN	NaN	NaN	NaN	NaN	1.966481997002896	2.425972100455684	2.8730213980618218	3.292836302096811	3.6405848052430527	3.785960454660854	3.632919666376266	3.5806963754922765	3.1903387618625763	3.6325970428343304	4.074855323806083	3.804110522162217	4.318494227285349	3.949787989580647	3.9256868794886266	4.354441535886771	4.238053737622892	3.760246154086082	3.2824385705492607	2.8046309870124495	2.3268234034756397	2.255561118198492	2.681646747549957	3.107732376901468	3.5338180062527695	3.8963743309214913	3.810924380761971	3.460846707977915	3.0702893090447945	2.964221226306971	3.440514245831211	3.9168072653551693	3.698359944798687	NaN	NaN	NaN	NaN	NaN	NaN	NaN	NaN	NaN	NaN	NaN	NaN	NaN	NaN	NaN	NaN	NaN	NaN
244983.83100000024	NaN	NaN	NaN	NaN	NaN	NaN	NaN	NaN	NaN	NaN	NaN	NaN	NaN	NaN	NaN	-0.3737944478021828	-0.8117599101930769	2.0460976240144446	2.524711537606544	3.002393162135421	3.4777356432160618	3.9438014032579005	4.264690971948385	4.073403640716915	4.051401834713254	3.799887239193308	3.438798675718629	4.008972924435542	4.307215220522048	4.3301507003061825	4.110172200091244	4.090888966842946	4.441112900328791	4.444317902298365	3.962387160542764	3.4804564187871634	2.9985256770315765	2.0577501279806896	2.4838357573322005	2.9099213866836653	3.3360070160351762	3.7620926453864776	3.31906463281565	3.5765027227107917	3.160581313946899	2.777859561794881	3.0517837779567736	3.528076797480738	4.0043698170046955	3.8375709287903255	4.055138972814458	3.7140364242592625	NaN	NaN	NaN	NaN	NaN	NaN	1.6582235602167907	NaN	NaN	NaN	NaN	NaN	NaN	NaN	NaN	NaN
245183.83100000024	NaN	NaN	NaN	NaN	NaN	NaN	NaN	NaN	NaN	NaN	NaN	NaN	NaN	NaN	NaN	-0.5755308728247096	1.5539117465903485	2.0303697179303763	2.505065171685749	2.9762682233688666	3.438974964243558	3.871573153527407	4.121109777885618	4.340425361894863	4.448259514128421	3.9454591891940836	3.442658864259686	3.915244322068298	4.293739712776816	4.282572733637744	4.270556410602123	4.403895378241178	4.46890572104745	4.521389187439974	4.039458445684374	3.5575277039287725	3.075596962173186	2.2860247671143976	2.7121103964659086	3.1381960258173733	3.564281655168675	3.9903672845201865	2.5215642483790353	1.555182726396227	1.7380685026158524	2.8704278221189794	3.2546979273448264	3.6389680325704408	4.091932368654504	4.053924509180343	3.712821960625148	3.3717194120700134	NaN	NaN	NaN	2.324634878781149	2.3008439874902504	2.1118859415727678	1.2345625843716532	NaN	NaN	NaN	NaN	NaN	NaN	NaN	NaN	NaN
245383.83100000024	NaN	NaN	NaN	NaN	NaN	NaN	NaN	NaN	NaN	NaN	NaN	NaN	NaN	NaN	-0.4512018719627441	-0.8471658580051689	1.4621371305786834	1.9210920833479468	2.3704212219149148	2.802124668556603	3.1975103981341393	3.5084759098595804	3.224406186536745	3.8455661514878905	4.142802237402839	4.0499149692522405	3.9601150964917524	4.082994394842928	4.526136165555383	4.234994766969294	4.465415282268138	4.6163573712867665	4.496698541766398	4.598460472581583	4.116529730825982	3.6345989890703807	3.1526682473147942	2.514299406248106	2.940385035599571	3.366470664951082	3.7925562943023836	4.4438804443436455	4.146659819336984	3.0592702835380696	3.3282180149469274	3.163569880759987	3.5478399859856573	3.932110091211272	4.028019600559758	3.711607496991093	3.370504948435898	3.0294023998807034	2.6882998513256555	2.2135063496759195	2.574705023970339	2.7970144814961118	2.7595120420397494	2.4885166265884875	2.107264498815259	1.0402869429184534	1.2696722773103364	1.499057611702101	NaN	NaN	NaN	2.956376095059526	2.8153681859684396	NaN
245583.83100000024	NaN	NaN	NaN	NaN	NaN	NaN	NaN	NaN	NaN	NaN	NaN	NaN	NaN	NaN	-0.7252609483740401	1.3499627799412899	1.51117566696776	1.7377058980779547	1.9642361291885104	2.1907663602987055	2.4172965914089	2.643826822519456	3.0784800997686714	3.500048778380148	4.058429029171142	4.561229354105657	4.372272994298374	4.388449197374459	4.3926543922781285	4.184740007975562	4.435857032677302	4.466391349071383	4.461767015574531	4.675531757723192	4.193601015967591	3.71167027421199	2.737791956160437	3.098458919194179	3.459125882227888	3.5947453040845807	4.237218112552581	4.488337205071468	3.999782416114514	3.511227627157608	3.702614529791342	4.008266341477119	3.8409820446264886	3.9592748974013454	3.653623085715568	3.3479712740297916	3.0281879362466495	0.5363026221871555	1.1219347949799818	1.7075669677725094	2.8683816003001468	3.247245469407011	3.167264507009246	2.7512971670472686	2.290268991938085	1.973214204352304	1.9130289489917647	1.0753966358569633	1.6829520592442953	1.9813459174380892	2.279739775631749	2.578133633825544	NaN	NaN
245783.83100000024	NaN	NaN	NaN	NaN	NaN	NaN	NaN	NaN	NaN	NaN	NaN	NaN	NaN	-0.6033560387428802	1.6775421411689726	1.8146364993650193	1.951730857561066	2.2803186513308646	2.5607410992018558	2.78727133031205	3.013801561422606	3.240331792532801	3.4668620236429954	3.0432220851681193	3.9539732491131034	4.45677357404744	4.704524992527597	4.483877705245098	4.261459771420524	4.0930421306488975	4.32359284941193	4.418230069402757	4.671360065296627	4.626165655781331	4.145828107225039	3.6654905586687376	3.059626721509856	3.4202936845435983	3.780960647577307	4.0758033278293	4.515705561745982	4.291778938119518	4.201859572876491	3.823318766043837	4.077011044635532	4.382662856321309	4.444720758982841	4.060450653757172	3.279226570871378	0.647442180359499	0.3063137845090468	0.8919459573016595	1.4775781300944002	2.0632103028872266	2.6488424756797544	3.42832822602515	3.23292767800196	2.835020099584665	2.6924769757920144	2.4512859447900883	2.3911006894294005	2.312613044112929	2.2253493363757206	2.057768005472193	1.9014973143978293	2.1998911725916233	NaN	NaN
245983.83100000024	NaN	NaN	NaN	NaN	NaN	NaN	NaN	NaN	NaN	1.2062274814680805	0.7714917955615977	0.3367561096551144	-0.4814511291117519	2.0051215023967264	2.142215860592773	2.2793102187888192	2.416404576984867	2.5513820749916234	2.8740530747926263	3.3536252939263127	3.61030653143593	3.8368367625461244	3.810308136887425	3.18914817193628	3.8443965363292403	4.299331343869302	4.659687602718146	4.32949578388941	4.5793643281384275	4.325244181975846	4.381382843602907	4.37006878973413	4.877306091882935	4.687992269216976	4.208349634068928	3.728706998920872	3.381461486859276	3.7421284498930176	4.102795412926726	4.824255607748859	4.59701407421934	4.203375320669375	4.523627665043611	4.372957877266243	4.491550216613806	4.5358488055676265	4.151578700342011	3.7673085951163414	1.5927943863576821	1.2264240379734324	0.6619571196235505	1.2475892924162921	1.8332214652089043	2.418853638001646	3.0044858107944714	3.5901179835870005	3.4022411172544835	3.295298615080883	3.152755491288301	2.929357685227724	2.8691724298671852	2.786107953345387	2.6988442456081776	2.5390745090301654	2.5734111800457025	2.7332191605342895	NaN	NaN
246183.83100000024	NaN	NaN	NaN	NaN	NaN	NaN	NaN	NaN	NaN	0.9991025457285522	0.5643668598220685	2.029679737007529	2.036866002567225	2.469795221820527	2.606889580016574	2.74398393821262	2.8810782964085924	3.0181726546046392	2.7666674809690854	3.3204630488500997	3.8742586167308484	4.426754188720778	4.1249169434412885	3.706523500607608	3.6658445669177273	4.120779374457506	4.575714181997568	4.235747852270545	4.486282950430133	4.455917384581092	4.389801461739979	4.757037960661318	5.008577880554153	4.745153215654909	4.265510580506853	3.342629289174953	3.7032962522086947	4.063963215242404	4.045339678913395	4.671091819557578	4.534259239083674	4.400960045280444	4.692829697972381	4.496145209782589	4.508186638771309	4.219684901336855	2.9045169407404563	2.538146592356207	2.171776243971668	1.8054058955870782	1.0176004547380542	1.55829766862739	1.9246680170119286	2.2910383653965187	2.657408713780717	3.042676440366043	3.5224074912313172	3.4219293642810538	3.3366952938832704	3.4074294256655095	3.34686657031506	3.259602862577921	3.1723391548407123	3.020381012588119	NaN	NaN	NaN	NaN
246383.83100000024	NaN	NaN	NaN	NaN	NaN	NaN	NaN	NaN	1.2267132958954654	0.7919776099889824	2.5069156903431984	2.5141019559029614	2.521288221462724	2.9344689412443272	3.0715632994403035	3.2086576576363504	3.345752015832393	3.4828463740284397	3.509235414310544	3.2130774550265593	3.7668730229075735	4.125766260777079	4.372108107400696	3.953714664567069	3.535321221733389	3.9422274050459922	4.39716221258577	4.294795291511922	4.475403845981171	4.137148379665898	4.417229932929571	4.821082694194784	4.911250806368263	4.836358021166208	4.37401725530161	4.2900711648057985	4.025131017558114	4.243150669130988	4.878980319267706	4.647892339198455	4.848909714446385	4.590566275421809	4.381041192281899	4.403375470342499	4.1443145023753	3.8498691467386403	3.4834987983543906	3.014615595971087	2.4289834231783454	1.843351250385733	0.6129454626292068	0.9793158110137448	1.3456861593979947	1.7120565077825334	2.0784268561671237	2.8652760592928077	3.2837720681282443	3.4182373578502787	2.876416778387019	3.0189599021795646	3.1383961131411455	3.150903446587223	3.031771565552377	NaN	NaN	NaN	NaN	NaN
246583.83100000024	NaN	NaN	NaN	NaN	NaN	NaN	NaN	0.9778709528987922	2.2808478275535395	2.9841516436789353	2.991337909238698	2.9985241747984603	3.0057104403582233	3.399142660668057	3.536237018864104	3.673331377060151	3.810425735256193	3.9475200934521695	3.962030262146693	3.7487453330553078	3.849485933913198	3.6591165368118816	4.0685249546159366	4.200905828526477	4.219817511280745	4.034811795926507	4.5235263967297135	4.5032881428137665	3.894762857608153	1.9833360651967658	4.550259621439516	4.914703966787925	4.844998838257781	4.3663990414714675	4.798649914444046	1.9224519274690153	4.219703182137789	4.260466460508199	4.939079892968315	4.794679122346451	4.5700094357357655	4.591321757497976	4.6550068132949125	4.133561764691681	4.298148788941882	3.8302366064420217	3.244604433649197	2.6589722608566677	2.073340088063842	1.4877079152711012	0.9020757424784881	0.4003339533998108	0.7667043017843502	1.133074650168548	1.499444998553138	2.6266406361897348	3.045136645025172	3.4636326538603686	3.129386925649646	2.676442270551384	2.6570896095831915	2.6695969430293203	2.55827665631985	2.6455403640570583	NaN	NaN	NaN	NaN
246783.83100000024	NaN	NaN	NaN	NaN	NaN	NaN	1.905401917726232	1.06293798583855	3.0373035729970215	3.4685738625744347	3.475760128134197	3.4829463936938927	3.4901326592536552	3.8638163800918575	4.000910738287904	4.138005096483877	4.275099454679923	4.4121938128759695	4.414825109982906	4.236149885564087	4.296470010999145	4.030736491987057	4.1462494886332575	4.483756584307436	4.58400140313202	4.262245847683693	4.5256533320363665	4.460671739325745	1.431561818453656	3.086858944618544	5.03831619461335	5.209345585596195	4.597846426167691	4.8703502164296575	4.63395951738431	-0.6247365047502056	4.145761348407268	3.3735306722337857	4.560894422792326	4.765991717847672	4.389915511049334	4.726259862804976	4.6719697640259295	4.556237346146036	4.506108234686113	3.8384845218532337	2.888961098534692	2.30332892574195	1.7176967529493379	1.1320645801565967	0.5464324073637714	-0.1786479042141745	0.18772244417036388	0.5540927925549541	1.9695092042512017	2.388005213086662	2.806501221921859	3.2249972307572956	3.2934811485475546	2.840536493449258	2.3630503154349753	2.188290439471298	2.084781747087385	2.1720454548245933	NaN	NaN	NaN	NaN
246983.83100000024	NaN	NaN	NaN	NaN	NaN	NaN	NaN	3.290155829123214	3.7937593184409946	3.9529960814699345	3.960182347029629	3.9673686125893917	3.8337264198987047	4.0433810175093985	4.0361947519497035	4.029008486390021	4.094997549598638	3.786262347946631	4.0130638526864	4.0629702023344025	4.196339872483755	4.191643274945281	4.519957145629138	4.640261223674397	4.457630963147641	4.641825470331501	4.697228889742022	4.865207313079326	4.657737720863338	5.235512297544942	4.981844388828626	4.860252757351856	5.200775088506122	4.737225089449803	5.127241036390451	3.8067982052313596	3.9388783699744145	4.234999642539336	4.911258547144083	4.6537720979860815	4.836360236722576	4.638504689424498	4.439921360769851	4.511207952539971	4.518480450185456	4.0558233335288545	3.5515336448719985	3.5399683647304916	3.6004024157740027	3.3872647363381265	3.0285599049451344	2.611104259697198	-0.39125941344357024	-0.024889065059031122	1.7308737811481518	2.149369789983589	2.5678657988187856	2.9863618076542457	3.385960201252659	3.0201817473734853	NaN	NaN	NaN	NaN	NaN	NaN	NaN	NaN
247183.83100000024	NaN	NaN	NaN	NaN	NaN	NaN	NaN	NaN	3.8985135652475686	4.057987285160724	3.919986141438589	3.876771003313581	3.369052700474975	3.231958342278928	3.880376001946576	4.017716903191798	3.715289289648539	3.9132759517734272	3.8094090018077362	3.6101753544982533	3.7170769440669162	4.112327949174304	4.507578954281692	4.404008511135159	4.666919664423818	4.681526040460481	4.833511205083814	4.665528316054008	4.9512671059516125	4.7992585427218	4.191857030984359	5.114503536483942	4.842655551354439	5.27734368016029	5.256190690354203	4.464510541479046	4.334751714010174	4.64587283403031	4.87475607230588	4.196415112568571	4.53650905986103	4.203331779037127	3.9798003081390716	4.422079969284247	4.448540151111278	4.228563863647581	3.979903117723419	3.9864063359235535	4.057119078048456	3.6839037468244684	3.2280613842104797	2.758149509199566	2.283643984616067	1.073742349209618	1.4922383580450786	1.9107343668805161	2.315976668157948	2.7689213232564893	3.221865978354752	NaN	NaN	NaN	NaN	NaN	NaN	NaN	NaN	NaN
247383.83100000024	NaN	NaN	NaN	NaN	NaN	NaN	NaN	NaN	3.443258727488612	3.6027324474017672	3.7622061673149227	4.1650924122429425	4.172552121159383	4.0130784012462275	4.260084261896675	3.902720077865463	3.8846739179881427	4.194179918821193	4.128784729829163	3.7786186834837596	4.042355828080644	4.3993013328479185	4.187768231246748	4.213140933867367	4.497360528347115	4.63842076342681	4.722012395709915	4.945109099395521	4.935644555382298	5.032372308592009	4.666595062073633	4.791085349004662	4.8332319962937245	5.353773313943124	5.2292856666526735	4.3431121709545	4.5133154674500355	4.638251869268042	5.0054400148182046	4.621714993431244	4.338146016658912	3.8596682086202985	4.227474921528299	4.398342727185863	3.959879763489782	4.3102120239725865	4.458453382567237	4.218157952530271	4.119607317672569	3.7101652018171434	3.2436634126621637	2.769170970889139	2.292149497453397	1.1189481163667407	1.245993135063238	1.6989377901615348	2.151882445260041	2.6048271003583374	NaN	NaN	NaN	NaN	NaN	NaN	NaN	NaN	NaN	NaN
247583.83100000024	NaN	NaN	NaN	NaN	NaN	NaN	2.1924907984161455	2.8285301698164993	2.9880038897296552	3.1474776096428108	3.306951329555966	3.750270676292657	3.996465237623863	4.24265979895507	4.3664631515933765	4.366990889511851	4.332569534631148	4.2344656737965956	4.343649093983749	4.189738858779582	4.453476003376654	4.071323632000063	3.7766480559509272	4.0345291390119815	4.214134853876365	4.689056012197794	4.724965116159991	4.87561904452997	4.8216879762989056	5.1007517406404945	3.3696250225386515	5.168094899323484	5.271004975746894	4.988609075278902	5.126847947021493	5.218295233314508	4.791703933448565	4.689263049008172	5.089901132652398	4.91128125307365	4.717986071476539	4.300834222840498	4.54359792065465	4.081238779541358	4.323184859365016	4.188482116937556	4.054227405787506	3.739607687686454	3.6689702779850335	3.442834776537652	3.068744694038799	2.6415676706647333	1.580134783714964	1.6002174936285514	1.6203002035421388	1.534843567263626	1.9877882223621677	NaN	NaN	NaN	NaN	NaN	NaN	NaN	NaN	NaN	NaN	NaN
247783.83100000024	NaN	NaN	NaN	NaN	NaN	0.590597404364928	2.1074237654763865	2.3732753320574824	2.532749051970698	2.692222771883854	3.089254379011164	3.335448940342371	3.3844304787466424	3.847229435277309	3.657414187783061	4.210260412925378	4.173759672480821	4.234517023526722	4.343955811839803	4.574852258541071	4.354826105531368	4.48803841380685	4.5133862116203876	4.530584274158024	4.66147520689943	4.53470386863208	4.718807602368973	4.9136429145443445	5.0238184328191835	4.998727826753084	5.1337191128033615	4.991837021025362	5.164695488179885	5.082497066244105	5.14895335538549	5.0727079625852785	5.054096286351194	3.9249375397609034	4.17369746662385	4.481859288187942	4.255031051784942	4.4709073002357025	4.405258351369654	4.105871444746284	3.806484538122982	3.7186119231566925	3.583909180729289	3.421528495295986	3.1904200131413885	3.0493286527020125	1.853962262921506	1.7935301044993905	2.061404160976705	2.0814868708902923	2.1015695808039494	2.1216522907175377	NaN	NaN	NaN	NaN	NaN	NaN	NaN	NaN	NaN	NaN	NaN	NaN
247983.83100000024	2.36424502706239	2.3987020553768827	1.9249934026587263	1.4512847499405699	0.9775760972224135	0.503867444504538	1.7585467743853707	1.9180204942985262	2.077494214211681	2.2369679341248365	2.674432643060879	2.5735519005486247	3.03635085707929	3.4991498136096233	3.3584462094123064	3.7523559511834903	4.334318311559441	4.69242148526861	4.6335425969686055	4.429287329978119	4.222307684528744	4.46450961126219	4.569617901424651	4.817868681458206	4.508403318244349	4.503329634077523	4.925127887790435	4.907703889356073	4.9341401055588365	4.771858800046761	4.973558021026486	5.0780714885650635	4.728373667489128	4.738862854730838	4.989041945700616	4.881667866429099	5.013447562373896	4.693040345256729	4.462841539777102	3.9672807692528487	4.361172269856272	4.345809367729351	3.6563238228491466	3.2387594465254774	3.020737166545762	2.58826183139674	2.552711575586777	2.5131410280416384	2.452708869619524	2.392276711197409	2.331844552775282	2.271412394353167	2.5426735382385157	2.5627562481521036	2.582838958065691	2.6029216679792784	NaN	NaN	NaN	NaN	NaN	NaN	NaN	NaN	NaN	NaN	NaN	NaN
248183.83100000024	NaN	NaN	NaN	1.3645547900801782	0.8908461373620218	0.41713748464386574	-0.05657116807429112	1.4627656565395688	1.6222393764527243	1.815996901840452	2.311940895749992	2.8078848896592623	3.303828883568751	3.799772877478021	3.7413259539562644	3.2785269974258875	4.020997259081541	4.362905071576402	4.587861968241648	4.47585429580899	4.828295841643935	4.8193875751138	4.505589036707371	4.790394163098094	4.924872473147552	4.272172073044561	4.3194409810810175	4.779516907660958	4.727974524427451	5.039481105896356	4.394698765341704	4.939275097949834	5.059441169435987	4.957014039057628	4.859390777330894	3.5692570362140876	4.979911731896916	4.499916986589257	4.463275118678672	4.5679132740180775	4.2458755587199075	3.480321335684425	3.6412516495529084	3.6767258948606725	3.458703614880865	3.076200868313013	3.040650612502987	2.9910233178953454	2.9305911594732303	2.870159001051115	2.809726842629058	2.7492946842069435	3.0239429155003266	3.044025625413914	3.0641083353275014	3.0841910452410892	NaN	NaN	NaN	NaN	NaN	NaN	NaN	NaN	NaN	NaN	NaN	NaN
248383.83100000024	NaN	NaN	NaN	NaN	0.8041161775013504	0.33040752478347374	-0.1433011279346831	1.3858647088215272	1.7661404219650492	2.1149648802112058	2.6109088741207453	3.106852868030015	3.6027968619395043	4.098740855848774	4.089405575623617	3.626606619093284	3.765561971176333	4.078209764280974	4.531968962250729	4.942423933694558	4.819385199956216	4.906460801582743	4.942721227044395	4.687577500632623	4.767894863494405	4.7958800215006745	3.79531135176261	4.223932091263757	4.408913240603939	4.6716484912399014	4.987766297452646	4.967500965898993	5.069228085009074	4.806895133752078	1.7606321151510858	2.2777024167659157	4.857079693890143	4.656179711384563	4.667847083027748	4.5680090528401385	3.206910137392128	3.6576344362562665	3.338414831305045	3.1888628684466624	2.927433222079751	3.145455502059537	3.367363313859316	3.3586604133722187	3.3385777034586317	3.318494993545044	3.287609132482764	3.2271769740606504	3.5052122927620677	3.5252950026756547	3.545377712589243	NaN	NaN	NaN	NaN	NaN	NaN	NaN	NaN	NaN	NaN	NaN	NaN	NaN
248583.83100000024	NaN	NaN	NaN	NaN	1.3772172138246217	0.8957203180083417	1.3849102819544004	1.7651859950979991	2.1454617082415206	2.7448943104696255	3.205484487453454	3.6247924637954854	4.044100440137517	4.397708834219529	4.437485197291302	4.219735423487518	4.269775497667535	4.359355409384295	4.798646296725105	4.7369100159635185	4.5519983576351715	4.62201555470206	4.960203305257438	4.909986771904945	4.811952028408778	4.87373948922104	4.771416890882818	4.410927945999115	4.106381213409722	4.52680649264884	5.077573471463754	5.095273254557287	5.070237338254879	3.926960776595864	3.3889025422425028	4.788269282229689	4.7471521533628485	4.733206196018636	4.6777440832194	4.283852582616032	3.111774248185768	3.4356472935436817	3.0480139143591862	2.700923831530453	2.4894667737445557	2.7074890537243417	3.0347907019756364	3.2970764247258963	2.9260465242300286	2.837225616283233	2.817142906369611	2.797060196456023	3.1188320510740026	3.179264209496117	NaN	NaN	NaN	NaN	NaN	NaN	NaN	NaN	NaN	NaN	NaN	NaN	NaN	NaN
248783.83100000024	NaN	NaN	NaN	NaN	NaN	1.3839558550873061	1.7642315682308274	2.1445072813743487	2.5247829945179476	2.905058707661469	3.428925995043619	3.775958154744923	4.2853074479281705	4.704615424270202	4.640632071070307	4.851518993385259	4.773989024158737	4.55082545419939	4.322276401189123	4.358672655356724	4.617089690272145	4.875506725187498	4.841304956781548	4.839282074461819	4.397577750103211	4.635196074165053	5.057554470974234	4.677219537785317	4.327469247435849	4.772997639391482	4.9627575208317065	5.10668649465513	5.094290172534443	5.038231872573707	4.941317361929454	4.879831853291268	4.518708034718264	0.8607447431926654	0.026064662624854365	3.0145417859468697	3.3735185823783773	2.9227942835142393	2.472069984650144	2.3699796182291193	2.0515003254094313	2.2635111218031296	2.685843525227672	3.0233657877616174	2.8557297559730976	2.430689214422054	2.33587352910787	2.315790819194282	2.6409497612202966	2.701381919642411	2.7618140780645266	NaN	NaN	NaN	NaN	NaN	NaN	NaN	NaN	NaN	NaN	NaN	NaN	NaN
248983.83100000024	NaN	NaN	NaN	NaN	NaN	1.7632771413637778	2.143552854507299	2.5238285676508205	2.9041042807944195	3.284379993937941	3.6646557070814625	4.112957679617613	4.459989839318916	4.590581053801148	4.827858965129882	4.725403918404684	4.733446209616466	4.533873632824462	4.641024619934277	4.66458974838053	4.580623556331961	4.473472569222144	4.453554700957381	4.920470766276008	4.74121243397181	4.676323800189188	4.983129166315067	4.772591765114598	4.530906151977859	4.97890199405905	5.0152150377325695	4.698812304149528	5.028014607634377	5.079678833921709	5.126292578689854	4.852286119612391	4.524524824002063	4.642308753695263	4.303149571797854	3.304942702892728	3.196205481806537	2.7454811829424406	2.294756884078303	1.844032585214207	1.605307268963744	2.02671926646347	2.3690318430189405	2.552619922028002	2.4710115638734718	2.1785884037728938	1.854604151846058	1.8345214419324714	2.16306747136652	2.2234996297886345	NaN	NaN	NaN	NaN	NaN	NaN	NaN	NaN	NaN	NaN	NaN	NaN	NaN	NaN
249183.83100000024	NaN	NaN	NaN	NaN	NaN	NaN	2.5228741407837263	2.903149853927248	3.283425567070846	3.6637012802143682	4.04397699335789	4.424252706501411	4.6407883627755675	4.380013709942844	4.668582188961434	4.7854472374399055	4.899493199051125	4.76873607146311	4.510319036547757	4.251902001632335	4.105640181662801	4.109182313700052	4.3546525167865635	4.517557669937999	5.039130062863593	4.892587053692075	4.60889913278195	4.49288873979144	4.856070732707085	3.9428689755747652	4.502971456978444	4.388155656612488	4.852444674289826	4.856760789256644	4.774492417013097	4.8012329659655615	4.499808504879466	4.602722124175097	4.145040015195657	3.2615888429362476	3.0188923812349215	2.5681680823708257	2.1174437835065043	1.6667194846423656	1.352685447079972	1.6947979194225906	1.952963715011643	2.0749293142200678	2.0224694585023575	1.813400048673354	1.5002111524575288	1.35325206467073	1.6851851815127439	NaN	NaN	NaN	NaN	NaN	NaN	NaN	NaN	NaN	NaN	NaN	NaN	NaN	NaN	NaN
249383.83100000024	NaN	NaN	NaN	NaN	NaN	NaN	NaN	3.2824711402036746	3.662746853347196	4.043022566490794	4.231296487198023	4.308407547988017	4.292620224900056	4.175755176421585	4.421169604435732	4.5022622159021575	4.331593715029836	3.8095198322172967	3.9943809150919645	4.030744351245861	4.389583128333887	4.5823338974378816	4.78105529471191	4.690951997045341	4.434667609417965	4.4777803525067235	4.765422849473259	4.990431295414517	4.961632337195256	4.32953290166389	4.001902561608258	4.554002096981494	4.839520066551416	5.042626615339738	4.95436699518405	5.052253471946732	4.225310828440952	4.444612567572901	3.9869304585937373	2.7863207230753506	2.6729765864611505	2.3515815611380995	1.9401306829348892	1.4894063840707932	1.01789486043749	1.3031300102184995	1.5054900325451053	1.5959739484797688	1.5575134388458975	1.3977327272775404	1.1428798597536873	NaN	NaN	NaN	NaN	NaN	NaN	NaN	NaN	NaN	NaN	NaN	NaN	NaN	NaN	NaN	NaN	NaN
249583.83100000024	NaN	NaN	NaN	NaN	NaN	NaN	NaN	3.468410729316549	3.5455217901065423	3.622632850896482	3.6997439116864763	3.7768549724764697	3.5839705085857263	3.8841494477184373	4.090653054862885	4.297156662007404	4.503660269151803	4.525918442070981	4.477158872184049	4.533952137373164	4.600384232654682	4.5025347383046155	4.47697561814291	4.7267243170654965	4.82442268314283	4.748750231206197	4.384432315479332	4.5952157878619255	4.677840866628314	4.451185529050749	4.477426273703247	4.865794745269516	4.751248361641846	4.735052187343534	4.797123089268798	4.8564381591514785	4.793239148443454	4.522227053199337	4.039133494378023	3.556039935556708	2.2361312229864905	2.005846516006218	1.675672904454805	1.2899090956422785	0.8613689846348564	0.8800294295233443	1.044865058173939	1.1165690644943551	1.086255766693594	0.9578078491966541	1.8410751830599665	1.4021668231881461	NaN	NaN	NaN	NaN	NaN	NaN	NaN	NaN	NaN	NaN	NaN	NaN	NaN	NaN	NaN	NaN
249783.83100000024	NaN	NaN	NaN	NaN	NaN	NaN	NaN	NaN	NaN	3.8113772428497206	3.894617357357885	3.977857471866234	4.061097586374519	4.322253802021104	4.528757409165553	4.517298948606652	4.627119658950718	4.559361410138632	4.550136514856297	4.630947058222773	4.489417211633363	4.461989824662672	4.377337756189022	4.628017451358775	4.87768505417865	4.7637316637189695	4.571816444307287	4.439513352398431	4.334453269027858	4.754680637958696	4.425967550387491	4.109477791379022	4.426976921894788	4.534490690088067	4.6114030817186045	4.502677481785042	4.875053456823087	4.489179236415824	4.006085677594532	3.5229921187732183	1.776195558530031	1.6008494803502578	1.3314514192144	0.9981867068583278	2.0698470111876706	2.114722627216415	2.103709819581833	1.9449366308819904	2.0667025700170303	2.1884685091522145	2.3102344482874595	2.4320003874226432	2.0658854474306065	NaN	NaN	NaN	NaN	NaN	NaN	NaN	NaN	NaN	NaN	NaN	NaN	NaN	NaN	NaN
249983.83100000024	NaN	NaN	NaN	NaN	NaN	NaN	NaN	NaN	4.095962235129754	4.268744783225971	4.371744435146678	4.41837490579359	4.385877683732028	4.239643544011468	4.266695604545846	4.140813595429358	4.184817747203239	4.504559084970208	3.9879326221838123	4.019841961762475	4.140172849213754	4.585487896788463	4.751260374866134	4.630929487414718	4.847362840071172	4.583414467297397	4.281482099524333	3.9684084694570747	4.099141630541053	4.321058303793669	4.51183707198155	4.5378857129696675	4.741533297292693	4.3535123224724215	4.622880851175062	4.740563543134576	4.831075453869016	4.698279239463092	4.281473205690838	3.864667171918842	3.4596360242575295	3.1853550780785627	2.849746741337458	2.7006744245485366	2.5508909207605197	2.5957665367891556	2.5776376788312856	2.4140958961094228	2.5358618352446674	2.657627774379851	2.779393713514891	2.901159652650136	2.4834073359756785	NaN	NaN	NaN	NaN	NaN	NaN	NaN	NaN	NaN	NaN	NaN	NaN	NaN	NaN	NaN
250183.83100000024	NaN	NaN	NaN	NaN	NaN	NaN	4.201598823164702	4.374381371260919	4.3877239181917265	4.52236127061504	4.380250953635991	4.186137592969864	3.9914506052639003	3.7967636175578905	3.7893964203166766	3.6772325124931893	4.040764515706761	4.527478488798681	4.368132675286591	4.488463562737872	4.355919388763704	4.138757952633215	4.690762770931315	4.580661533148894	4.398952666165081	4.198342053132409	3.836912354053365	4.062553136377548	4.28819391870173	4.513834701025913	4.573608373353133	4.42522975433413	4.709025179432825	4.811007186251876	4.809819960320876	4.8152515537557115	4.536287891194392	4.938311055875094	4.5215050221030975	4.13191267871652	3.857631732537517	3.4745371511090117	3.3007945574046853	3.17942048054577	3.0319348303332614	3.0768104463619674	3.039928656662111	2.8832551613369146	3.005021100472099	3.1267870396073434	3.2485529787425276	3.3703189178777113	3.492084857012813	3.1471259602181383	3.393322695915528	3.6395194316129857	NaN	NaN	NaN	NaN	NaN	NaN	NaN	NaN	NaN	NaN	NaN	NaN
250383.83100000024	NaN	NaN	NaN	NaN	NaN	NaN	NaN	4.454470282659551	4.280403825340288	4.106337368021092	3.9322709107019564	3.7432576665162864	3.548570678810392	3.307090500167318	3.513426797097564	4.027803152120542	4.333579254779856	4.620531936691516	4.398448943334016	4.22375039257168	4.405459259555493	4.290749325435379	4.313960226226617	4.132251359242803	3.9174792454698224	4.065857864488826	4.26264191872103	4.488282701045147	4.411951813280752	4.263573194261749	4.115194575242807	4.276688998530237	4.731690203802318	4.69819044087091	4.552605420248592	4.779020702373182	4.914861717161401	4.952682479781032	4.804189333175575	4.5299083869965076	4.255627440817438	3.925584967176238	3.751842373471912	3.6581665365429608	3.512978739906073	3.557854355934747	3.4971839367484177	3.3524144265645512	3.4741803656995915	3.5959463048347757	3.7177122439700203	3.8394781831052036	3.961244122240388	3.5646478487632804	3.5872210203785095	NaN	NaN	NaN	NaN	NaN	NaN	NaN	NaN	NaN	NaN	NaN	NaN	NaN
250583.83100000024	NaN	NaN	NaN	NaN	NaN	NaN	NaN	4.006490239725517	3.832423782406255	3.658357325087058	3.1595986837051924	3.354432134623569	3.4773961002428613	3.744279807755208	3.9507832761807626	4.157119573111187	4.389511754538565	4.3333106830401285	4.491499130555354	4.477107917190406	4.189424202052287	3.901740486914339	4.079135805542335	4.227514424561338	4.375893043580279	4.460214833761991	4.234574051437809	4.1019166341892985	3.9535380151702957	3.805159396151423	3.65678077713242	4.127939305484579	4.607542908523113	4.594029558130715	4.305023778766589	4.41092324089576	4.744634450725333	4.792348117885446	4.946777014032643	4.801639969509331	4.55037537694769	4.376632783243523	4.202890189539197	4.136912592540221	3.994022649478921	4.038898265507558	3.9544392168347247	3.821573691791983	3.9433396309272277	4.0651055700624115	4.186871509197452	4.302220754975679	4.056024019278289	3.2398276942861184	3.118061755150874	2.9962958160156896	NaN	NaN	NaN	NaN	NaN	NaN	NaN	NaN	NaN	NaN	NaN	NaN
250783.83100000024	NaN	NaN	NaN	NaN	NaN	NaN	NaN	NaN	NaN	NaN	NaN	3.7963688468698114	3.950900042244504	4.180982286595287	4.32178867624559	4.163600228730363	4.0054117812151375	4.23012691282856	4.400214363800268	4.263563753598738	4.593779320413636	4.388390268362666	4.537549603652661	4.48576683374269	4.260126051418574	4.034485269094391	3.808844486770209	3.6435028360789103	3.4951242170599692	3.5431481604107593	3.9472605541731163	4.351372947935523	4.704542586712272	4.40720255271216	4.521317976874922	4.411187981958236	4.392709560145153	4.887690418024345	4.458768989337664	4.795304471448049	4.945867061220122	4.74842002896291	4.680614616070375	4.615658648537455	4.475066559051663	4.519942175080369	4.411694496921032	4.290732957019476	4.412498896154659	4.377092337825384	4.1308956021279934	3.884698866430605	3.638502130733218	3.8030167525953744	3.940342532344195	NaN	NaN	NaN	NaN	NaN	NaN	NaN	NaN	NaN	NaN	NaN	NaN	NaN
250983.83100000024	NaN	NaN	NaN	NaN	NaN	NaN	NaN	NaN	NaN	NaN	NaN	4.176755880282078	4.1661235862723185	3.961906892657164	3.8642092660560103	3.7063809057722508	4.090546109669528	4.363848360326203	4.040248600513254	3.9091954418835573	4.234054049484855	4.64730065341824	4.285678051399273	4.0600372690750905	3.8343964867509084	3.6087557044267924	3.38311492210261	3.1574741397784276	3.365803719232963	3.8079185671823907	4.212030960944798	4.616143354707206	4.3353455262804665	4.084183751932478	4.0452283575939045	4.335900420831383	4.62490620019544	4.754683755263635	4.870946117842649	4.6949973711835495	4.598912986866336	4.720729321634752	4.824821757948118	4.662895872311543	4.300784639120405	4.365740606653396	4.297852539738991	4.452663854222939	4.529003208343538	4.32583672414754	4.107297764948006	4.009565792585546	4.053377225565553	4.2753810397955085	4.3781933218559415	NaN	NaN	NaN	NaN	NaN	NaN	NaN	NaN	NaN	NaN	NaN	NaN	NaN
251183.83100000024	NaN	NaN	NaN	NaN	NaN	NaN	NaN	NaN	NaN	NaN	NaN	3.701225221929339	4.16557606939124	3.7016520079002113	3.1998874744191483	3.5234872342320966	4.327482356852175	4.003882597039463	3.6802828372265144	3.6616246852393464	4.139763792436945	4.6179028996345455	4.14631293958492	3.6651776064564903	3.408666922083309	3.1830261397591926	2.9573853574350104	3.380993873573612	3.714935635338716	4.048877397103782	4.476801367716235	4.343348737337198	4.106495294187662	4.348397703022094	4.308776253478249	4.413125291850276	4.683489229538415	4.622755266351587	4.725261439700906	4.258840473123254	4.098962166188098	4.261332862524015	4.526014495205063	4.771703549450052	4.674362384405605	4.256711809527362	3.840597259652685	3.979451068637739	4.0771830410001995	4.0889086104527	4.292075094648697	4.4827785781707465	4.375654610389294	4.261057722439982	4.13797892075974	4.513426600140498	NaN	NaN	NaN	NaN	NaN	NaN	NaN	NaN	NaN	NaN	NaN	NaN
251383.83100000024	NaN	NaN	NaN	NaN	NaN	NaN	NaN	NaN	NaN	NaN	3.3213729626556923	3.5661309447045904	4.0304817921664915	3.7204194554662444	3.5598532377061236	3.883452997518875	3.553453680685443	3.643916833752449	3.320317073939736	3.6215084691368116	4.102643802265233	4.583779135393663	4.152502242818933	3.7165026955822382	3.515397887492126	3.4207898158817724	3.387866885956368	3.730125789679091	4.064067551444196	4.398009313209535	4.31853788348327	4.3152753700658755	4.498995571867323	4.726854128967182	4.6293780635535215	4.337156335521999	4.203748734344663	4.608692513690913	4.652102934253539	4.507928984768512	4.407118209094676	4.306307433420825	3.8321123320980774	3.857105523956244	4.669408474983797	4.618750763579447	3.948368143845773	4.079856613262522	4.251592585453685	4.444168098770696	4.2137330010762595	4.457566457569396	NaN	NaN	NaN	NaN	NaN	NaN	NaN	NaN	NaN	NaN	NaN	NaN	NaN	NaN	NaN	NaN
251583.83100000024	NaN	NaN	NaN	NaN	NaN	NaN	NaN	NaN	NaN	NaN	NaN	3.3908137511982765	3.8740527771363964	3.73674034370259	3.9198190009929026	3.693034483844338	3.2881689004144383	2.8833033169843505	2.9603513106529578	3.6413608498417016	4.1224961829698445	4.603631516098275	4.359286622358985	4.158181814268874	3.965417789755383	3.9019264222327643	3.8435918134461677	4.080387106204618	4.413199467549949	4.46383373854309	4.518128079208833	4.542756391385049	4.4884620507193045	4.7106512280758555	4.723782905469193	4.534712430441561	4.357464355025325	4.786181746140286	4.859269644073745	4.635021391470873	4.610028199612648	4.585035007754549	4.19662419749096	4.297434973164812	4.365582772808122	4.390575964666348	4.441117363396496	4.311253542380407	4.616410856165161	NaN	NaN	NaN	NaN	NaN	NaN	NaN	NaN	NaN	NaN	NaN	NaN	NaN	NaN	NaN	NaN	NaN	NaN	NaN
251783.83100000024	NaN	NaN	NaN	NaN	NaN	NaN	NaN	2.575202856688186	2.3803694057697413	2.185535954851296	2.888807277694683	3.3720463036325135	3.855285329570363	3.956185004466929	3.8326152870033696	3.4277497035732813	3.022884120143382	2.6180185367132944	3.118282591546022	3.59532978974559	4.072376987945152	4.549424186144718	4.357554093827138	4.421045461349938	4.446554396106374	4.3830630285835745	4.319571661060839	4.461382346224195	4.437725995869495	4.147687601690257	4.406424210061614	4.510540925474485	4.614657640887286	4.7403458964844924	4.658327412026723	4.867150679876251	4.749694507955214	4.689702259590034	4.602287948422216	4.6152015757391345	4.126544142618994	4.101550950760769	3.7231068477407865	3.823917623414623	3.9247283990884734	4.403449612341022	4.744590372821424	NaN	NaN	NaN	NaN	NaN	NaN	NaN	NaN	NaN	NaN	NaN	NaN	NaN	NaN	NaN	NaN	NaN	NaN	NaN	NaN	NaN
251983.83100000024	NaN	NaN	NaN	NaN	NaN	NaN	NaN	NaN	2.247365607772098	2.5015839992860074	2.9597625144562114	3.4179410296261676	3.876119544796124	3.972196090162264	3.5673305067321768	3.1624649233022777	2.7575993398721894	2.3527337564422903	3.037398402698145	3.5144456008977065	3.991492799097274	4.468539997296835	4.149803079736469	3.9399088549990626	4.13742950351205	4.437207185525944	4.525787938636976	4.405957879648878	4.301841164236077	4.197724448823277	4.40094020333941	4.457504932202011	4.5140696610644815	4.640901219462139	4.634092620849328	4.717699295471778	4.946251756306711	4.49167180134107	4.345306252770974	4.752718427917065	4.356089209293266	3.9115293251918684	3.249589497990598	3.3504002736644485	3.451211049338299	4.146422805887181	4.549453802362903	NaN	NaN	NaN	NaN	NaN	NaN	NaN	NaN	NaN	NaN	NaN	NaN	NaN	NaN	NaN	NaN	NaN	NaN	NaN	NaN	NaN
252183.83100000024	NaN	NaN	NaN	NaN	NaN	NaN	NaN	NaN	2.7151021986210293	2.6508350971151278	3.1090136122850835	3.5671921274550407	4.025370642625244	3.7430439819694317	3.318186709483869	2.89718014303122	2.492314559601133	2.761349884140423	2.9334002148810967	3.3764019073570326	3.8585230395826273	4.340644171808211	4.066932564157667	4.178128692782053	4.447146358782636	4.2624523175294415	4.077758276276192	3.9305315272575316	3.8588353811115184	3.7222980964318975	3.9175449836431606	3.974109712505702	4.030674441368243	4.455504677940613	4.700576042135922	4.221226080680804	4.741706374407362	4.57431239296604	4.08832455711973	4.495736732265563	4.541536726948834	4.0969768428474	3.377706664824968	NaN	3.491600503565414	3.982720451378044	4.462105409473268	NaN	NaN	NaN	NaN	NaN	NaN	NaN	NaN	NaN	NaN	NaN	NaN	NaN	NaN	NaN	NaN	NaN	NaN	NaN	NaN	NaN
252383.83100000024	NaN	NaN	NaN	NaN	NaN	NaN	NaN	NaN	NaN	NaN	3.2028321017633314	3.6276893742488947	3.9405254862153365	3.5156682137297737	3.0908109412439444	2.630358740128191	3.0390532960816117	3.2111036268223425	3.383153957563085	3.0307564640677516	3.2399203338119773	4.381576984772581	4.441464313889589	4.210803493122634	3.9110258111086322	3.8144226551685385	3.6297286139152893	3.455105174866223	3.350988459453352	3.246871744040551	3.4341497639468526	3.4907144928094533	3.8230907393922746	4.270108136419377	4.71712553344647	4.1936513549164065	4.5109266517575275	4.668936900206808	4.2300274111001155	4.238755036614321	4.368695677923949	4.04210053562207	3.6346883604762104	NaN	NaN	3.9435103679889716	4.422895326084193	NaN	NaN	NaN	NaN	NaN	NaN	NaN	NaN	NaN	NaN	NaN	NaN	NaN	NaN	NaN	NaN	NaN	NaN	NaN	NaN	NaN
252583.83100000024	NaN	NaN	NaN	NaN	NaN	NaN	NaN	NaN	NaN	NaN	NaN	3.8550651424888187	3.669199294666556	3.2110207794965993	3.0035452458201686	3.1017726921421604	3.488807038763531	3.6608573695042614	3.832907700245061	3.902378347350454	3.3494425328843938	4.39205368961126	4.1400930481210185	3.830046604023973	3.530268922010144	3.3663929928077545	3.1816989515545613	2.997004910301137	2.875562107062076	2.7714453916492423	2.9507545442506045	3.0862015163158	3.565551477770918	4.044901439226037	4.524251400681155	4.379047896437931	4.521330688780354	4.873482282106156	4.423497210337868	3.7386882761667457	4.183248160268418	NaN	NaN	NaN	NaN	NaN	NaN	NaN	NaN	NaN	NaN	NaN	NaN	NaN	NaN	NaN	NaN	NaN	NaN	NaN	NaN	NaN	NaN	NaN	NaN	NaN	NaN	NaN
252783.83100000024	NaN	NaN	NaN	NaN	NaN	NaN	NaN	NaN	NaN	NaN	NaN	NaN	3.519948196837683	NaN	NaN	3.5731866441562956	3.9385607814454504	4.110611112186181	4.2826614429269805	4.28628451912505	3.5888245533389553	4.372059599388548	4.034347268987022	3.561904415519305	3.149512032911549	2.8497343508976547	2.733669289193658	2.1756641528067617	2.343471970182937	3.042612616956271	3.287006012633344	3.5313994083104485	3.775792803987522	4.020186199664627	4.457767979394822	4.5644444379591675	4.807237520051658	4.611939234529416	4.574973139230238	4.204581320740489	NaN	NaN	NaN	NaN	NaN	NaN	NaN	NaN	NaN	NaN	NaN	NaN	NaN	NaN	NaN	NaN	NaN	NaN	NaN	NaN	NaN	NaN	NaN	NaN	NaN	NaN	NaN	NaN
252983.83100000024	NaN	NaN	NaN	NaN	NaN	NaN	NaN	NaN	NaN	NaN	NaN	NaN	NaN	NaN	NaN	NaN	3.797646342188319	3.94937620844908	4.0684458576394364	3.885407042838238	3.868345904484564	4.35206550916611	3.9286014898530284	3.456158636385308	2.727104316752248	2.6394100542425063	2.5517157917326947	2.627370163875238	2.7951779812514124	3.4579072739859553	3.702300669663029	3.9466940653401332	4.191087461017206	4.435480856694311	4.679874252371385	4.663339208070382	4.341306803660216	4.464265697313422	4.687947215188412	4.453785109194336	4.0393138443189445	NaN	NaN	NaN	NaN	NaN	NaN	NaN	NaN	NaN	NaN	NaN	NaN	NaN	NaN	NaN	NaN	NaN	NaN	NaN	NaN	NaN	NaN	NaN	NaN	NaN	NaN	NaN
253183.83100000024	NaN	NaN	NaN	NaN	NaN	NaN	NaN	NaN	NaN	NaN	NaN	NaN	NaN	NaN	NaN	NaN	4.134507419760561	4.120572615278541	3.7530683966300487	3.638123847343767	3.7083980912245944	4.1440680899353906	3.6603484852535546	3.2873467973045902	3.1996525347947786	3.1119582722850376	3.024264009775226	3.079076174943714	3.246883992320031	3.4146918096961456	4.117595326692809	4.3619887223698175	4.606382118046988	4.55699228231463	4.389184464938313	4.221376647562138	4.10688362926281	4.654394691761458	4.345692654975448	4.687380778270048	4.206416208235864	NaN	NaN	NaN	NaN	NaN	NaN	NaN	NaN	NaN	NaN	NaN	NaN	NaN	NaN	NaN	NaN	NaN	NaN	NaN	NaN	NaN	NaN	NaN	NaN	NaN	NaN	NaN
253383.83100000024	NaN	NaN	NaN	NaN	NaN	NaN	NaN	NaN	NaN	NaN	NaN	NaN	NaN	NaN	3.8048717682643347	4.1417415030070295	4.042104047941853	4.198708189791889	4.198366327896063	4.1106720653863205	4.022977802876509	4.1640621801578135	3.847589277856956	3.7598950153471438	3.6722007528373326	3.5845064903275907	3.496812227817779	3.409117965307967	3.698590003388506	3.8663978207647647	4.5328899837224945	4.440901905998444	4.273094088622269	4.105286271246012	3.9374784538698377	4.040574631872325	4.426758446453132	4.316228411895979	3.868887084906585	4.2832924236984855	4.548670768448831	NaN	NaN	NaN	NaN	NaN	NaN	NaN	NaN	NaN	NaN	NaN	NaN	NaN	NaN	NaN	NaN	NaN	NaN	NaN	NaN	NaN	NaN	NaN	NaN	NaN	NaN	NaN
253583.83100000024	NaN	NaN	NaN	NaN	NaN	NaN	NaN	NaN	NaN	NaN	NaN	NaN	NaN	3.801851568971414	4.165595463993413	3.999936764378688	3.8649835004570763	3.838408310657566	3.8356960838354954	3.875152795232505	3.914609506629584	4.146801136172952	3.9935229294236727	4.032979640820751	4.07243635221783	4.057054708370121	3.9693604458603096	3.881666183350568	4.150296014457125	3.9391241164405337	4.094715405444169	4.055258694047091	4.015801982650011	3.9763452712530007	3.9368885598559227	4.176437220865558	4.5375959758027875	4.478885690892173	4.335883937966225	4.488839220368126	NaN	NaN	NaN	NaN	NaN	NaN	NaN	NaN	NaN	NaN	NaN	NaN	NaN	NaN	NaN	NaN	NaN	NaN	NaN	NaN	NaN	NaN	NaN	NaN	NaN	NaN	NaN	NaN
253783.83100000024	NaN	NaN	NaN	NaN	NaN	NaN	NaN	NaN	NaN	NaN	NaN	NaN	NaN	NaN	3.899286958925291	3.584697266508508	3.4022025799495816	3.358709024961899	3.3567020651066337	3.5702707043665134	4.038222234283938	3.963246021641191	3.51452891069476	3.5539856220918393	3.8375658217871558	4.098578573396852	4.257009646442101	4.012616250765028	4.137371887160955	4.225066149670767	4.31276041218051	4.40045467469032	4.488148937200132	4.4553392899819135	4.415882578584835	4.3764258671877565	4.285032882204425	4.583889200208482	4.538626376312363	4.351302990045866	NaN	NaN	NaN	NaN	NaN	NaN	NaN	NaN	NaN	NaN	NaN	NaN	NaN	NaN	NaN	NaN	NaN	NaN	NaN	NaN	NaN	NaN	NaN	NaN	NaN	NaN	NaN	NaN
253983.83100000024	NaN	NaN	NaN	NaN	NaN	NaN	NaN	NaN	NaN	NaN	NaN	NaN	NaN	NaN	NaN	NaN	NaN	2.8790097392662317	3.1842311768231344	3.683377323940904	4.151328853858588	3.779690907109429	NaN	NaN	NaN	NaN	NaN	NaN	NaN	3.752517931628237	NaN	NaN	NaN	NaN	NaN	NaN	NaN	NaN	NaN	NaN	NaN	NaN	NaN	NaN	NaN	NaN	NaN	NaN	NaN	NaN	NaN	NaN	NaN	NaN	NaN	NaN	NaN	NaN	NaN	NaN	NaN	NaN	NaN	NaN	NaN	NaN	NaN	NaN
254183.83100000024	NaN	NaN	NaN	NaN	NaN	NaN	NaN	NaN	NaN	NaN	NaN	NaN	NaN	NaN	NaN	NaN	NaN	NaN	NaN	3.812847255351035	NaN	NaN	NaN	NaN	NaN	NaN	NaN	NaN	NaN	NaN	NaN	NaN	NaN	NaN	NaN	NaN	NaN	NaN	NaN	NaN	NaN	NaN	NaN	NaN	NaN	NaN	NaN	NaN	NaN	NaN	NaN	NaN	NaN	NaN	NaN	NaN	NaN	NaN	NaN	NaN	NaN	NaN	NaN	NaN	NaN	NaN	NaN	NaN
