bin	count
0.0	74.0
2.0	1.0
6.0	2.0
8.0	3.0
12.0	2.0
16.0	1.0
26.0	2.0
34.0	1.0
36.0	2.0
42.0	2.0
48.0	2.0
56.0	1.0
60.0	1.0
62.0	2.0
64.0	1.0
70.0	1.0
92.0	1.0
98.0	1.0
116.0	1.0
132.0	1.0
134.0	1.0
136.0	1.0
156.0	1.0
162.0	1.0
168.0	1.0
182.0	1.0
184.0	1.0
190.0	1.0
220.0	1.0
222.0	1.0
224.0	2.0
246.0	1.0
264.0	1.0
272.0	2.0
302.0	1.0
310.0	1.0
312.0	1.0
330.0	1.0
338.0	1.0
354.0	1.0
376.0	1.0
378.0	2.0
392.0	1.0
396.0	1.0
426.0	1.0
464.0	1.0
476.0	1.0
496.0	2.0
520.0	1.0
592.0	1.0
596.0	1.0
610.0	1.0
612.0	1.0
622.0	1.0
628.0	1.0
632.0	1.0
664.0	1.0
756.0	1.0
760.0	1.0
766.0	1.0
798.0	1.0
822.0	1.0
826.0	1.0
844.0	1.0
894.0	1.0
902.0	1.0
910.0	1.0
912.0	1.0
916.0	1.0
1044.0	1.0
1142.0	1.0
1150.0	1.0
1188.0	1.0
1272.0	1.0
1284.0	1.0
1290.0	1.0
1340.0	1.0
1378.0	1.0
1398.0	1.0
1420.0	1.0
1436.0	1.0
1478.0	3.0
1484.0	1.0
1504.0	1.0
1516.0	1.0
1632.0	1.0
1796.0	2.0
1880.0	1.0
1930.0	1.0
1960.0	1.0
2054.0	1.0
2070.0	1.0
2104.0	1.0
2122.0	2.0
2184.0	1.0
2204.0	1.0
2280.0	1.0
2284.0	1.0
2300.0	1.0
2438.0	1.0
2476.0	1.0
2508.0	1.0
2620.0	1.0
2710.0	1.0
2714.0	1.0
2724.0	1.0
2730.0	1.0
2790.0	1.0
2838.0	1.0
2896.0	1.0
2922.0	1.0
2928.0	1.0
2960.0	1.0
3132.0	1.0
3240.0	1.0
3368.0	1.0
3372.0	1.0
3458.0	1.0
3476.0	1.0
3526.0	1.0
3538.0	1.0
3592.0	1.0
3768.0	1.0
3896.0	1.0
3916.0	1.0
4016.0	1.0
4028.0	1.0
4042.0	1.0
4120.0	1.0
4352.0	1.0
4416.0	1.0
4526.0	1.0
4572.0	1.0
4584.0	1.0
4598.0	1.0
4634.0	1.0
4772.0	1.0
4852.0	1.0
4988.0	1.0
5070.0	1.0
5136.0	1.0
5192.0	1.0
5324.0	1.0
5396.0	1.0
5416.0	1.0
5460.0	1.0
5578.0	1.0
5758.0	1.0
5822.0	1.0
5850.0	1.0
6120.0	1.0
6296.0	1.0
6352.0	1.0
6520.0	1.0
6560.0	1.0
6570.0	1.0
6668.0	1.0
6748.0	1.0
6762.0	1.0
6864.0	1.0
6880.0	1.0
6986.0	1.0
7070.0	1.0
7218.0	1.0
7324.0	1.0
7334.0	1.0
7768.0	1.0
7852.0	1.0
7886.0	1.0
8184.0	1.0
8226.0	1.0
8286.0	1.0
8392.0	1.0
8418.0	1.0
8646.0	2.0
8732.0	1.0
8808.0	1.0
9064.0	1.0
9176.0	1.0
9492.0	1.0
9524.0	1.0
9552.0	1.0
9574.0	1.0
9926.0	1.0
10394.0	1.0
10414.0	1.0
10456.0	1.0
10524.0	1.0
10576.0	1.0
10578.0	1.0
10782.0	1.0
10818.0	1.0
11054.0	1.0
11160.0	1.0
11308.0	1.0
11390.0	1.0
11424.0	1.0
11520.0	1.0
11656.0	1.0
12004.0	1.0
12154.0	1.0
12172.0	1.0
12178.0	1.0
12716.0	1.0
12724.0	1.0
12756.0	1.0
12840.0	1.0
12888.0	1.0
12900.0	1.0
13040.0	1.0
13044.0	1.0
13150.0	1.0
13436.0	1.0
13484.0	1.0
13500.0	1.0
13614.0	1.0
13790.0	1.0
13888.0	1.0
14274.0	1.0
14620.0	1.0
14728.0	1.0
14808.0	1.0
15058.0	1.0
15160.0	1.0
15216.0	1.0
15398.0	1.0
15480.0	1.0
15664.0	1.0
15676.0	1.0
15688.0	1.0
15774.0	1.0
15882.0	1.0
16268.0	1.0
16602.0	1.0
16734.0	1.0
16864.0	1.0
16902.0	1.0
16950.0	1.0
17392.0	1.0
17418.0	1.0
17614.0	1.0
17756.0	1.0
17914.0	1.0
18086.0	1.0
18140.0	1.0
18438.0	1.0
18826.0	1.0
19134.0	1.0
19282.0	1.0
19332.0	1.0
19714.0	1.0
19968.0	1.0
20166.0	1.0
20412.0	1.0
20474.0	1.0
21102.0	1.0
21422.0	1.0
22022.0	1.0
22056.0	1.0
22138.0	1.0
22184.0	1.0
22612.0	1.0
22692.0	1.0
22870.0	1.0
23118.0	1.0
23230.0	1.0
24348.0	1.0
24408.0	1.0
24630.0	1.0
25580.0	1.0
25914.0	1.0
25944.0	1.0
26034.0	1.0
26288.0	1.0
26292.0	1.0
26342.0	1.0
26382.0	1.0
26540.0	1.0
26548.0	1.0
26864.0	1.0
26898.0	1.0
26906.0	1.0
27022.0	1.0
27244.0	1.0
27490.0	1.0
27532.0	1.0
28258.0	1.0
28376.0	1.0
28744.0	1.0
28784.0	1.0
28858.0	2.0
28978.0	1.0
29090.0	1.0
29200.0	1.0
29434.0	1.0
29964.0	1.0
30068.0	1.0
30492.0	1.0
31052.0	1.0
31174.0	1.0
31958.0	1.0
32018.0	1.0
32022.0	1.0
32364.0	1.0
32432.0	1.0
32676.0	1.0
32964.0	1.0
33338.0	1.0
34360.0	1.0
35388.0	1.0
36518.0	1.0
36638.0	1.0
36696.0	1.0
37206.0	1.0
37258.0	1.0
37760.0	1.0
38188.0	1.0
38332.0	1.0
38646.0	1.0
38790.0	1.0
38862.0	1.0
39136.0	1.0
39602.0	1.0
39608.0	1.0
39762.0	1.0
40106.0	1.0
40208.0	1.0
40554.0	1.0
40958.0	1.0
41036.0	1.0
41126.0	1.0
41212.0	1.0
41240.0	1.0
41374.0	1.0
41652.0	1.0
42074.0	1.0
42100.0	1.0
42398.0	1.0
43084.0	1.0
43092.0	1.0
43902.0	1.0
44018.0	1.0
44280.0	1.0
44406.0	1.0
44464.0	1.0
44840.0	1.0
45970.0	1.0
46078.0	1.0
46474.0	1.0
46550.0	1.0
47170.0	2.0
47658.0	1.0
47800.0	1.0
47850.0	1.0
47918.0	1.0
49402.0	1.0
49826.0	1.0
50216.0	1.0
50420.0	1.0
50500.0	1.0
53004.0	1.0
53620.0	1.0
53916.0	1.0
54158.0	1.0
54702.0	1.0
54742.0	1.0
55384.0	1.0
56132.0	1.0
56664.0	1.0
56746.0	1.0
57048.0	1.0
57348.0	1.0
57418.0	1.0
57478.0	1.0
57596.0	1.0
57948.0	1.0
58028.0	1.0
60064.0	1.0
60200.0	1.0
60812.0	1.0
62276.0	1.0
65184.0	1.0
65620.0	1.0
65968.0	1.0
66282.0	1.0
66498.0	1.0
66660.0	1.0
66952.0	1.0
67400.0	1.0
67560.0	1.0
68138.0	1.0
68350.0	1.0
69566.0	1.0
69700.0	1.0
70040.0	1.0
70136.0	1.0
71586.0	1.0
72640.0	1.0
72706.0	1.0
73362.0	1.0
73990.0	1.0
75308.0	1.0
75324.0	1.0
75366.0	1.0
77612.0	1.0
77614.0	1.0
78686.0	1.0
79290.0	1.0
79706.0	1.0
81138.0	1.0
82302.0	1.0
82726.0	1.0
84230.0	1.0
85398.0	1.0
87160.0	1.0
87992.0	1.0
88714.0	1.0
88788.0	1.0
89186.0	1.0
89644.0	1.0
89658.0	1.0
89662.0	1.0
90760.0	1.0
91160.0	1.0
91842.0	1.0
92342.0	1.0
92356.0	1.0
92398.0	1.0
92708.0	1.0
93572.0	1.0
93644.0	1.0
94046.0	1.0
94578.0	1.0
94910.0	1.0
94952.0	1.0
97110.0	1.0
97128.0	1.0
97840.0	1.0
98436.0	1.0
99002.0	1.0
99736.0	1.0
101204.0	1.0
101712.0	1.0
101728.0	1.0
102448.0	1.0
102870.0	1.0
103574.0	1.0
103652.0	1.0
103964.0	1.0
106278.0	1.0
107082.0	1.0
107956.0	1.0
108120.0	1.0
109054.0	1.0
111338.0	1.0
111752.0	1.0
111816.0	1.0
112828.0	1.0
112890.0	1.0
113442.0	1.0
114270.0	1.0
116976.0	1.0
118700.0	1.0
119058.0	1.0
119232.0	1.0
119282.0	1.0
120144.0	1.0
120204.0	1.0
120774.0	1.0
120846.0	1.0
120914.0	1.0
121166.0	1.0
121276.0	1.0
123890.0	1.0
124608.0	1.0
125524.0	1.0
126572.0	1.0
127306.0	1.0
128980.0	1.0
129288.0	1.0
130316.0	1.0
130590.0	1.0
131228.0	1.0
132138.0	1.0
132230.0	1.0
133428.0	1.0
139342.0	1.0
140520.0	1.0
140742.0	1.0
140816.0	1.0
141060.0	1.0
141710.0	1.0
141926.0	1.0
142162.0	1.0
143442.0	1.0
144438.0	1.0
144550.0	1.0
145862.0	1.0
146232.0	1.0
146318.0	1.0
148738.0	1.0
150582.0	1.0
150770.0	1.0
151630.0	1.0
155152.0	1.0
158448.0	1.0
160492.0	1.0
160978.0	1.0
161276.0	1.0
163638.0	1.0
164436.0	1.0
165656.0	1.0
167064.0	1.0
168890.0	1.0
172440.0	1.0
175714.0	1.0
176134.0	1.0
176770.0	1.0
176996.0	1.0
180816.0	1.0
182912.0	1.0
183524.0	1.0
183622.0	1.0
183644.0	1.0
183668.0	1.0
184270.0	1.0
185528.0	1.0
185830.0	1.0
186892.0	1.0
187946.0	1.0
188132.0	1.0
188974.0	1.0
189660.0	1.0
190022.0	1.0
190968.0	1.0
191732.0	1.0
191890.0	1.0
192138.0	1.0
193424.0	1.0
193456.0	1.0
197032.0	1.0
201352.0	1.0
203656.0	1.0
203674.0	1.0
204618.0	1.0
204980.0	1.0
205688.0	1.0
205696.0	1.0
206268.0	1.0
207598.0	1.0
208478.0	1.0
208880.0	1.0
210968.0	1.0
211210.0	1.0
212988.0	1.0
215796.0	1.0
216702.0	1.0
217296.0	1.0
217394.0	1.0
218790.0	1.0
220080.0	1.0
221320.0	1.0
226084.0	1.0
228504.0	1.0
228994.0	1.0
230420.0	1.0
230516.0	1.0
237400.0	1.0
239714.0	1.0
241616.0	1.0
249486.0	1.0
251624.0	1.0
252420.0	1.0
255224.0	1.0
255838.0	1.0
259388.0	1.0
261794.0	1.0
263420.0	1.0
264410.0	1.0
265032.0	1.0
266100.0	1.0
266288.0	1.0
269156.0	1.0
270866.0	1.0
271638.0	1.0
272482.0	1.0
272882.0	1.0
273496.0	1.0
274930.0	1.0
284976.0	1.0
285890.0	1.0
286526.0	1.0
287710.0	1.0
289460.0	1.0
289796.0	1.0
292728.0	1.0
294204.0	1.0
294382.0	1.0
295042.0	1.0
295234.0	1.0
295390.0	1.0
295688.0	1.0
296350.0	1.0
296572.0	1.0
296930.0	1.0
297282.0	1.0
299092.0	1.0
300382.0	1.0
300438.0	1.0
301140.0	1.0
301410.0	1.0
301816.0	1.0
302690.0	1.0
302988.0	1.0
304216.0	1.0
305344.0	1.0
306522.0	1.0
306694.0	1.0
306806.0	1.0
307124.0	1.0
307398.0	1.0
307426.0	1.0
307896.0	1.0
308024.0	1.0
310502.0	1.0
311438.0	1.0
311532.0	1.0
311758.0	1.0
311850.0	1.0
312194.0	1.0
313946.0	1.0
314050.0	1.0
314758.0	1.0
315022.0	1.0
315432.0	1.0
315488.0	1.0
315750.0	1.0
316008.0	1.0
316082.0	1.0
317220.0	1.0
317956.0	1.0
318610.0	1.0
321826.0	1.0
323292.0	1.0
323546.0	1.0
325032.0	1.0
329190.0	1.0
330278.0	1.0
331420.0	1.0
331890.0	1.0
332506.0	1.0
332720.0	1.0
334162.0	1.0
334254.0	1.0
334590.0	1.0
337860.0	1.0
338716.0	1.0
339368.0	1.0
340570.0	1.0
340724.0	1.0
342584.0	1.0
343708.0	1.0
345104.0	1.0
346658.0	1.0
348720.0	1.0
350028.0	1.0
351454.0	1.0
352868.0	1.0
353206.0	1.0
355620.0	1.0
355682.0	1.0
356118.0	1.0
356714.0	1.0
357544.0	1.0
358042.0	1.0
358606.0	1.0
358816.0	1.0
359232.0	1.0
359630.0	1.0
360416.0	1.0
364700.0	1.0
364776.0	1.0
368008.0	1.0
368610.0	1.0
368992.0	1.0
369230.0	1.0
369808.0	1.0
370118.0	1.0
370356.0	1.0
370686.0	1.0
370806.0	1.0
371688.0	1.0
371850.0	1.0
373772.0	1.0
373788.0	1.0
374540.0	1.0
374652.0	1.0
374944.0	1.0
375230.0	1.0
375244.0	1.0
375648.0	1.0
375702.0	1.0
375806.0	1.0
376518.0	1.0
376998.0	1.0
377328.0	1.0
377346.0	1.0
377374.0	1.0
377558.0	1.0
377602.0	1.0
377628.0	1.0
377820.0	1.0
378278.0	1.0
378318.0	1.0
378388.0	1.0
378416.0	1.0
378450.0	1.0
378456.0	1.0
378516.0	1.0
378524.0	1.0
378560.0	1.0
378610.0	1.0
378736.0	1.0
378840.0	1.0
378888.0	1.0
378952.0	1.0
379040.0	1.0
379292.0	1.0
379316.0	1.0
379338.0	1.0
379422.0	1.0
379452.0	1.0
379506.0	1.0
379542.0	1.0
379576.0	1.0
379590.0	1.0
379608.0	1.0
379672.0	1.0
379778.0	1.0
379786.0	1.0
379840.0	1.0
379868.0	1.0
379940.0	1.0
380012.0	1.0
380040.0	1.0
380102.0	1.0
380166.0	1.0
380204.0	1.0
380230.0	2.0
380290.0	1.0
380298.0	1.0
380314.0	1.0
380318.0	1.0
380328.0	1.0
380332.0	2.0
380338.0	1.0
380340.0	1.0
380342.0	1.0
380352.0	1.0
380364.0	1.0
380414.0	1.0
380472.0	1.0
380572.0	1.0
380970.0	1.0
381374.0	1.0
381688.0	1.0
381886.0	1.0
382386.0	1.0
382666.0	1.0
382734.0	1.0
382862.0	1.0
382982.0	1.0
383210.0	1.0
383858.0	1.0
383942.0	1.0
384456.0	1.0
384490.0	1.0
384962.0	1.0
385392.0	1.0
385552.0	1.0
386150.0	1.0
386932.0	1.0
387294.0	1.0
388696.0	1.0
389402.0	1.0
391516.0	1.0
391588.0	1.0
392066.0	1.0
392672.0	1.0
393450.0	1.0
394138.0	1.0
396500.0	1.0
396804.0	1.0
397518.0	1.0
399186.0	1.0
401164.0	1.0
401480.0	1.0
402302.0	1.0
403426.0	1.0
403566.0	1.0
403808.0	1.0
404302.0	1.0
406910.0	1.0
407218.0	1.0
407432.0	1.0
407528.0	1.0
407932.0	1.0
408506.0	1.0
408950.0	1.0
408990.0	1.0
411768.0	1.0
413156.0	1.0
414494.0	1.0
417526.0	1.0
421556.0	1.0
425324.0	1.0
426840.0	1.0
426864.0	1.0
427852.0	1.0
428120.0	1.0
429240.0	1.0
431034.0	1.0
431832.0	1.0
435164.0	1.0
436380.0	1.0
437136.0	1.0
437862.0	1.0
438948.0	1.0
441022.0	1.0
441942.0	2.0
445718.0	1.0
445982.0	1.0
449094.0	1.0
449398.0	1.0
450256.0	1.0
454292.0	1.0
456792.0	1.0
457384.0	1.0
457878.0	1.0
458300.0	1.0
459254.0	1.0
460858.0	1.0
461030.0	1.0
461408.0	1.0
463134.0	1.0
466306.0	1.0
466656.0	1.0
467228.0	1.0
467240.0	1.0
467556.0	1.0
468552.0	1.0
469212.0	1.0
475164.0	1.0
475196.0	1.0
475500.0	1.0
475520.0	1.0
482210.0	1.0
482936.0	1.0
484634.0	1.0
487570.0	1.0
492606.0	1.0
495328.0	1.0
496358.0	1.0
498032.0	1.0
499588.0	1.0
499914.0	1.0
500684.0	1.0
500972.0	1.0
508092.0	1.0
511968.0	1.0
515976.0	1.0
521626.0	1.0
523356.0	1.0
525166.0	1.0
528592.0	1.0
533264.0	1.0
535398.0	1.0
535520.0	1.0
537622.0	1.0
539132.0	1.0
541058.0	1.0
542766.0	1.0
545914.0	1.0
546262.0	1.0
546494.0	1.0
552192.0	1.0
552620.0	1.0
552962.0	1.0
553640.0	1.0
556074.0	1.0
559000.0	1.0
559308.0	1.0
561010.0	1.0
565898.0	1.0
566052.0	1.0
569040.0	1.0
572782.0	1.0
573702.0	1.0
578252.0	1.0
578682.0	1.0
581414.0	1.0
582126.0	1.0
582644.0	1.0
585398.0	1.0
586904.0	1.0
587614.0	1.0
587706.0	1.0
588898.0	1.0
590354.0	1.0
591082.0	1.0
593508.0	1.0
594500.0	1.0
595330.0	1.0
595938.0	1.0
597030.0	1.0
597058.0	1.0
600192.0	1.0
602776.0	1.0
603874.0	1.0
608860.0	1.0
612456.0	1.0
613098.0	1.0
614316.0	1.0
615512.0	1.0
616458.0	1.0
618150.0	1.0
620058.0	1.0
620140.0	1.0
622334.0	1.0
622500.0	1.0
627030.0	1.0
629304.0	1.0
631148.0	1.0
631680.0	1.0
637072.0	1.0
639340.0	1.0
642786.0	1.0
643550.0	1.0
645234.0	1.0
645742.0	1.0
648362.0	1.0
649318.0	1.0
654252.0	1.0
658062.0	1.0
659860.0	1.0
660672.0	1.0
661276.0	1.0
664126.0	1.0
666970.0	1.0
667088.0	1.0
669628.0	1.0
670110.0	1.0
671016.0	1.0
671254.0	1.0
672210.0	1.0
672456.0	1.0
673022.0	1.0
673752.0	1.0
678146.0	1.0
680936.0	1.0
681066.0	1.0
681674.0	1.0
684630.0	1.0
687478.0	1.0
689872.0	1.0
691956.0	1.0
695428.0	1.0
696864.0	1.0
699594.0	1.0
706180.0	1.0
707040.0	1.0
708460.0	1.0
712664.0	1.0
713096.0	1.0
713930.0	1.0
716192.0	1.0
716568.0	1.0
716648.0	1.0
716704.0	1.0
716994.0	1.0
717188.0	1.0
717398.0	1.0
718872.0	1.0
719062.0	1.0
720054.0	1.0
720476.0	1.0
720868.0	1.0
721474.0	1.0
722876.0	1.0
723114.0	1.0
723456.0	1.0
726524.0	1.0
727148.0	1.0
729902.0	1.0
733128.0	1.0
735224.0	1.0
738604.0	1.0
739064.0	1.0
740010.0	1.0
742116.0	1.0
742984.0	1.0
743450.0	1.0
746040.0	1.0
746262.0	1.0
746636.0	1.0
747820.0	1.0
750196.0	1.0
750618.0	1.0
752262.0	1.0
753292.0	1.0
753356.0	1.0
753694.0	1.0
753926.0	1.0
754040.0	1.0
754044.0	1.0
754136.0	1.0
754142.0	1.0
754964.0	1.0
755400.0	1.0
756542.0	1.0
757244.0	1.0
757282.0	1.0
757528.0	1.0
757764.0	1.0
758772.0	1.0
759232.0	1.0
759278.0	1.0
759436.0	1.0
759896.0	1.0
760044.0	1.0
760102.0	1.0
760164.0	1.0
760194.0	1.0
760264.0	1.0
760278.0	1.0
760348.0	1.0
760368.0	1.0
760388.0	1.0
760490.0	1.0
760528.0	1.0
760650.0	1.0
760660.0	2.0
760704.0	1.0
760720.0	1.0
762398.0	1.0
762690.0	1.0
762706.0	1.0
763062.0	1.0
764382.0	1.0
765322.0	1.0
766122.0	1.0
766858.0	1.0
767402.0	1.0
767558.0	1.0
770400.0	1.0
770584.0	1.0
771362.0	1.0
773300.0	1.0
773662.0	1.0
776136.0	1.0
777556.0	1.0
779656.0	1.0
779992.0	1.0
780832.0	1.0
781274.0	1.0
782074.0	1.0
784730.0	1.0
787462.0	1.0
788450.0	1.0
789814.0	1.0
792092.0	1.0
792124.0	1.0
797922.0	1.0
799838.0	1.0
800798.0	1.0
802220.0	1.0
804040.0	1.0
804140.0	1.0
805112.0	1.0
805834.0	1.0
806276.0	1.0
807508.0	1.0
807788.0	1.0
808580.0	1.0
814354.0	1.0
815616.0	1.0
815846.0	1.0
816114.0	1.0
817286.0	1.0
819582.0	1.0
820390.0	1.0
822736.0	1.0
826258.0	1.0
827434.0	1.0
829636.0	1.0
833570.0	1.0
837594.0	1.0
838520.0	1.0
838748.0	1.0
841642.0	1.0
845522.0	1.0
847866.0	1.0
848826.0	1.0
848944.0	1.0
854458.0	1.0
857708.0	1.0
857732.0	1.0
860128.0	1.0
861352.0	1.0
865348.0	1.0
867028.0	1.0
867126.0	1.0
869798.0	1.0
870806.0	1.0
873044.0	1.0
873754.0	1.0
875940.0	1.0
877194.0	1.0
879756.0	1.0
882630.0	1.0
885170.0	1.0
891042.0	1.0
892074.0	1.0
893320.0	1.0
893520.0	1.0
895972.0	1.0
900834.0	1.0
901478.0	1.0
903936.0	1.0
904116.0	1.0
905702.0	1.0
907950.0	1.0
909072.0	1.0
910740.0	1.0
913360.0	1.0
918014.0	1.0
919542.0	1.0
921072.0	1.0
922264.0	1.0
923538.0	1.0
931512.0	1.0
934780.0	1.0
945806.0	1.0
945912.0	1.0
946174.0	1.0
946618.0	1.0
947864.0	1.0
949116.0	1.0
950056.0	1.0
954466.0	1.0
964932.0	1.0
967166.0	1.0
968346.0	1.0
968544.0	1.0
975868.0	1.0
978880.0	1.0
985356.0	1.0
987848.0	1.0
991590.0	1.0
993674.0	1.0
994996.0	1.0
995082.0	1.0
997980.0	1.0
999116.0	1.0
1002906.0	1.0
1003646.0	1.0
1004722.0	1.0
1026356.0	1.0
1027728.0	1.0
1031484.0	1.0
1032900.0	1.0
1034710.0	1.0
1040858.0	1.0
1042764.0	1.0
1043486.0	1.0
1048538.0	1.0
1050250.0	1.0
1053508.0	1.0
1056358.0	1.0
1057330.0	1.0
1057920.0	1.0
1058516.0	1.0
1058896.0	1.0
1062184.0	1.0
1064230.0	1.0
1066324.0	1.0
1068348.0	1.0
1068848.0	1.0
1069186.0	1.0
1071980.0	1.0
1077578.0	1.0
1077634.0	1.0
1081862.0	1.0
1085492.0	1.0
1087980.0	1.0
1093574.0	1.0
1097008.0	1.0
1097162.0	1.0
1098714.0	1.0
1098762.0	1.0
1100084.0	1.0
1101942.0	1.0
1105296.0	1.0
1110480.0	1.0
1111366.0	1.0
1112374.0	1.0
1113872.0	1.0
1114114.0	1.0
1117112.0	1.0
1117632.0	1.0
1119126.0	1.0
1120076.0	1.0
1120772.0	1.0
1120906.0	1.0
1125158.0	1.0
1125272.0	1.0
1127020.0	1.0
1127220.0	1.0
1129534.0	1.0
1131716.0	1.0
1133148.0	1.0
1133174.0	1.0
1133248.0	1.0
1133340.0	1.0
1134086.0	1.0
1134094.0	1.0
1134370.0	1.0
1134670.0	1.0
1134982.0	1.0
1135914.0	1.0
1136654.0	1.0
1137362.0	1.0
1137656.0	1.0
1137704.0	1.0
1137866.0	1.0
1138932.0	1.0
1139700.0	1.0
1139838.0	1.0
1140254.0	1.0
1140884.0	1.0
1140982.0	1.0
1140984.0	1.0
1141300.0	1.0
1141978.0	1.0
1142734.0	1.0
1144334.0	1.0
1145688.0	1.0
1146328.0	1.0
1146990.0	1.0
1149518.0	1.0
1149952.0	1.0
1150072.0	1.0
1154620.0	1.0
1156318.0	1.0
1164510.0	1.0
1166282.0	1.0
1166750.0	1.0
1168728.0	1.0
1168774.0	1.0
1171490.0	1.0
1176662.0	1.0
1178208.0	1.0
1180954.0	1.0
1186744.0	1.0
1188732.0	1.0
1189948.0	1.0
1190090.0	1.0
1196564.0	1.0
1202412.0	1.0
1202440.0	1.0
1208812.0	1.0
1211008.0	1.0
1214492.0	1.0
1214840.0	1.0
1219800.0	1.0
1224944.0	1.0
1225232.0	1.0
1227664.0	1.0
1231224.0	1.0
1231776.0	1.0
1233928.0	1.0
1239514.0	1.0
1241086.0	1.0
1242712.0	1.0
1243352.0	1.0
1243778.0	1.0
1244812.0	1.0
1247796.0	1.0
1249914.0	1.0
1250764.0	1.0
1260446.0	1.0
1261940.0	1.0
1263720.0	1.0
1264100.0	1.0
1269244.0	1.0
1270256.0	1.0
1277962.0	1.0
1278028.0	1.0
1280994.0	1.0
1281690.0	1.0
1281786.0	1.0
1281840.0	1.0
1285586.0	1.0
1290522.0	1.0
1291394.0	1.0
1293516.0	1.0
1295336.0	1.0
1296178.0	1.0
1299146.0	1.0
1302892.0	1.0
1302894.0	1.0
1303764.0	1.0
1311408.0	1.0
1311710.0	1.0
1315818.0	1.0
1319914.0	1.0
1331860.0	1.0
1338548.0	1.0
1346224.0	1.0
1361718.0	1.0
1364706.0	1.0
1368920.0	1.0
1369094.0	1.0
1372316.0	1.0
1375072.0	1.0
1376078.0	1.0
1380442.0	1.0
1384930.0	1.0
1389286.0	1.0
1389522.0	1.0
1389642.0	1.0
1389940.0	1.0
1392940.0	1.0
1392972.0	1.0
1393278.0	1.0
1393894.0	1.0
1395002.0	1.0
1404166.0	1.0
1410922.0	1.0
1415098.0	1.0
1423352.0	1.0
1423482.0	1.0
1427704.0	1.0
1428524.0	1.0
1430020.0	1.0
1432544.0	1.0
1433076.0	1.0
1435080.0	1.0
1436054.0	1.0
1438094.0	1.0
1445068.0	1.0
1449214.0	1.0
1450684.0	1.0
1452310.0	1.0
1455974.0	1.0
1459514.0	1.0
1464180.0	1.0
1467796.0	1.0
1474458.0	1.0
1481000.0	1.0
1482912.0	1.0
1485440.0	1.0
1485876.0	1.0
1486232.0	1.0
1488940.0	1.0
1489500.0	1.0
1494000.0	1.0
1498982.0	1.0
1500462.0	1.0
1501028.0	1.0
1503348.0	1.0
1506528.0	2.0
1508168.0	1.0
1510722.0	1.0
1510762.0	1.0
1510864.0	1.0
1511214.0	1.0
1512180.0	1.0
1514034.0	1.0
1514070.0	1.0
1514642.0	1.0
1515008.0	1.0
1516730.0	1.0
1518418.0	1.0
1520554.0	1.0
1520788.0	1.0
1521144.0	1.0
1521400.0	1.0
1521408.0	1.0
1523034.0	1.0
1525796.0	1.0
1526578.0	1.0
1527300.0	1.0
1537096.0	1.0
1539422.0	1.0
1540828.0	1.0
1541204.0	1.0
1543776.0	1.0
1545916.0	1.0
1549238.0	1.0
1555890.0	1.0
1556418.0	1.0
1559794.0	1.0
1563016.0	1.0
1565200.0	1.0
1567698.0	1.0
1576822.0	1.0
1592862.0	1.0
1594800.0	1.0
1598312.0	1.0
1598416.0	1.0
1607582.0	1.0
1610544.0	1.0
1615774.0	1.0
1620236.0	1.0
1627230.0	1.0
1628120.0	1.0
1628344.0	1.0
1631202.0	1.0
1631362.0	1.0
1631516.0	1.0
1633638.0	1.0
1654884.0	1.0
1655130.0	1.0
1656626.0	1.0
1658612.0	1.0
1661106.0	1.0
1664856.0	1.0
1669862.0	1.0
1671536.0	1.0
1679568.0	1.0
1681428.0	1.0
1683742.0	1.0
1686686.0	1.0
1686722.0	1.0
1686776.0	1.0
1687020.0	1.0
1690224.0	1.0
1691512.0	1.0
1695874.0	1.0
1706224.0	1.0
1708922.0	1.0
1714158.0	1.0
1714686.0	1.0
1728576.0	1.0
1729096.0	1.0
1729894.0	1.0
1734482.0	1.0
1734592.0	1.0
1734900.0	1.0
1737766.0	1.0
1739482.0	1.0
1747256.0	1.0
1748880.0	1.0
1749454.0	1.0
1749660.0	1.0
1754658.0	1.0
1757522.0	1.0
1761454.0	1.0
1764190.0	1.0
1768284.0	1.0
1768388.0	1.0
1768738.0	1.0
1772070.0	1.0
1774476.0	1.0
1775606.0	1.0
1776988.0	1.0
1794524.0	1.0
1804672.0	1.0
1805364.0	1.0
1807912.0	1.0
1814406.0	1.0
1828086.0	1.0
1832628.0	1.0
1834302.0	1.0
1834786.0	1.0
1836508.0	1.0
1839228.0	1.0
1847310.0	1.0
1849542.0	1.0
1851410.0	1.0
1855778.0	1.0
1858010.0	1.0
1867238.0	1.0
1869742.0	1.0
1876040.0	1.0
1878636.0	1.0
1884186.0	1.0
1885828.0	1.0
1887376.0	1.0
1887776.0	1.0
1889936.0	1.0
1890736.0	1.0
1891432.0	1.0
1892428.0	1.0
1894140.0	1.0
1895358.0	1.0
1895730.0	1.0
1899924.0	1.0
1900964.0	1.0
1901450.0	1.0
1905054.0	1.0
1912082.0	1.0
1912408.0	1.0
1912484.0	1.0
1915186.0	1.0
1916928.0	1.0
1918244.0	1.0
1920894.0	1.0
1926474.0	1.0
1926896.0	1.0
1933868.0	1.0
1938266.0	1.0
1945116.0	1.0
1948808.0	1.0
1949554.0	1.0
1960670.0	1.0
1965854.0	1.0
1965924.0	1.0
1967730.0	1.0
1967754.0	1.0
1976810.0	1.0
1980334.0	1.0
1985540.0	1.0
1989332.0	1.0
1990928.0	1.0
2014262.0	1.0
2015926.0	1.0
2019146.0	1.0
2025444.0	1.0
2028756.0	1.0
2029828.0	1.0
2044542.0	1.0
2046522.0	1.0
2051522.0	1.0
2063020.0	1.0
2064028.0	1.0
2071226.0	1.0
2078164.0	1.0
2081308.0	1.0
2085628.0	1.0
2090964.0	1.0
2100116.0	1.0
2100144.0	1.0
2105596.0	1.0
2108868.0	1.0
2112876.0	1.0
2114594.0	1.0
2118946.0	1.0
2123664.0	1.0
2126220.0	1.0
2135994.0	1.0
2136790.0	1.0
2141830.0	1.0
2148462.0	1.0
2153638.0	1.0
2154510.0	1.0
2160924.0	1.0
2161040.0	1.0
2168762.0	1.0
2171824.0	1.0
2184562.0	1.0
2188112.0	1.0
2190484.0	1.0
2195728.0	1.0
2199336.0	1.0
2201934.0	1.0
2208888.0	1.0
2213382.0	1.0
2216670.0	1.0
2219344.0	1.0
2220878.0	1.0
2226170.0	1.0
2228560.0	1.0
2229876.0	1.0
2237652.0	1.0
2241794.0	1.0
2242030.0	1.0
2247692.0	1.0
2249106.0	1.0
2249216.0	1.0
2252536.0	1.0
2252760.0	1.0
2253672.0	1.0
2256814.0	1.0
2258668.0	1.0
2259718.0	1.0
2264994.0	1.0
2268192.0	1.0
2269148.0	1.0
2270450.0	1.0
2277118.0	1.0
2278758.0	1.0
2280552.0	1.0
2281150.0	1.0
2281452.0	1.0
2283618.0	1.0
2290550.0	1.0
2293962.0	1.0
2298392.0	1.0
2299362.0	1.0
2299452.0	1.0
2301334.0	1.0
2303748.0	1.0
2307274.0	1.0
2310324.0	1.0
2312764.0	1.0
2314710.0	1.0
2315032.0	1.0
2315602.0	1.0
2317258.0	1.0
2317586.0	1.0
2321272.0	1.0
2322670.0	1.0
2327154.0	1.0
2329956.0	1.0
2333116.0	1.0
2334082.0	1.0
2334638.0	1.0
2335874.0	1.0
2337254.0	1.0
2338826.0	1.0
2360918.0	1.0
2364292.0	1.0
2370948.0	1.0
2374936.0	1.0
2380782.0	1.0
2383868.0	1.0
2388164.0	1.0
2392168.0	1.0
2404192.0	1.0
2405370.0	1.0
2409092.0	1.0
2409424.0	1.0
2415122.0	1.0
2415936.0	1.0
2421182.0	1.0
2424824.0	1.0
2425038.0	1.0
2425602.0	1.0
2426676.0	1.0
2428066.0	1.0
2429904.0	1.0
2446858.0	1.0
2449638.0	1.0
2451304.0	1.0
2457882.0	1.0
2460518.0	1.0
2463706.0	1.0
2471786.0	1.0
2476254.0	1.0
2511092.0	1.0
2517098.0	1.0
2518978.0	1.0
2524964.0	1.0
2529156.0	1.0
2534100.0	1.0
2534230.0	1.0
2534488.0	1.0
2543888.0	1.0
2547048.0	1.0
2550662.0	1.0
2560734.0	1.0
2579796.0	1.0
2587816.0	1.0
2595908.0	1.0
2597724.0	1.0
2601668.0	1.0
2608706.0	1.0
2610962.0	1.0
2614146.0	1.0
2614388.0	1.0
2616058.0	1.0
2617360.0	1.0
2626638.0	1.0
2626986.0	1.0
2627092.0	1.0
2630842.0	1.0
2631596.0	1.0
2632938.0	1.0
2634306.0	1.0
2637578.0	1.0
2637840.0	1.0
2637926.0	1.0
2638058.0	1.0
2641540.0	1.0
2643768.0	1.0
2649582.0	2.0
2650776.0	1.0
2658970.0	1.0
2660944.0	1.0
2662056.0	1.0
2676874.0	1.0
2678502.0	1.0
2684540.0	1.0
2687908.0	1.0
2702236.0	1.0
2702718.0	1.0
2704256.0	1.0
2706510.0	1.0
2707492.0	1.0
2715488.0	1.0
2730376.0	1.0
2740078.0	1.0
2741776.0	1.0
2742324.0	1.0
2749998.0	1.0
2755166.0	1.0
2759486.0	1.0
2777216.0	1.0
2780370.0	1.0
2781146.0	1.0
2786012.0	1.0
2786590.0	1.0
2787690.0	1.0
2789622.0	1.0
2790158.0	1.0
2791340.0	1.0
2795058.0	1.0
2818600.0	1.0
2820498.0	1.0
2828208.0	1.0
2834404.0	1.0
2837800.0	1.0
2840044.0	1.0
2851618.0	1.0
2856020.0	1.0
2863334.0	1.0
2874680.0	1.0
2881808.0	1.0
2890046.0	1.0
2896346.0	1.0
2934498.0	1.0
2937192.0	1.0
2950078.0	1.0
2958844.0	1.0
2964366.0	1.0
2973250.0	1.0
2983686.0	1.0
2983736.0	1.0
2986382.0	1.0
2989234.0	1.0
2994172.0	1.0
2994620.0	1.0
2995952.0	1.0
3000554.0	1.0
3002072.0	1.0
3003408.0	1.0
3012700.0	1.0
3015566.0	1.0
3022576.0	1.0
3023998.0	1.0
3026052.0	1.0
3028754.0	1.0
3033642.0	1.0
3040244.0	1.0
3040886.0	1.0
3044514.0	1.0
3044696.0	1.0
3049322.0	1.0
3050930.0	1.0
3060790.0	1.0
3069638.0	1.0
3071298.0	1.0
3081766.0	1.0
3086268.0	1.0
3097454.0	1.0
3111120.0	1.0
3114708.0	1.0
3115136.0	1.0
3115970.0	1.0
3118502.0	1.0
3125630.0	1.0
3139812.0	1.0
3151382.0	1.0
3156922.0	1.0
3168878.0	1.0
3169090.0	1.0
3171000.0	1.0
3171764.0	1.0
3175604.0	1.0
3178524.0	1.0
3182424.0	1.0
3205838.0	1.0
3219542.0	1.0
3220582.0	1.0
3223016.0	1.0
3234172.0	1.0
3243876.0	1.0
3247794.0	1.0
3251552.0	1.0
3257082.0	1.0
3260668.0	1.0
3264252.0	1.0
3277360.0	1.0
3297688.0	1.0
3299338.0	1.0
3301194.0	1.0
3308770.0	1.0
3311336.0	1.0
3311426.0	1.0
3311560.0	1.0
3317978.0	1.0
3320306.0	1.0
3325440.0	1.0
3331344.0	1.0
3337190.0	1.0
3337460.0	1.0
3341270.0	1.0
3341980.0	1.0
3344616.0	1.0
3344942.0	1.0
3348022.0	1.0
3351184.0	1.0
3353470.0	1.0
3356836.0	1.0
3357546.0	1.0
3359348.0	1.0
3364034.0	1.0
3367136.0	1.0
3367560.0	1.0
3368698.0	1.0
3372464.0	1.0
3374162.0	1.0
3375280.0	1.0
3383790.0	1.0
3393022.0	1.0
3393542.0	1.0
3396462.0	1.0
3397732.0	1.0
3399344.0	1.0
3403512.0	1.0
3403698.0	1.0
3404340.0	1.0
3408910.0	1.0
3409138.0	1.0
3410470.0	1.0
3416274.0	1.0
3418688.0	1.0
3422498.0	1.0
3424688.0	1.0
3431358.0	1.0
3432498.0	1.0
3433160.0	1.0
3436814.0	1.0
3439500.0	1.0
3440076.0	1.0
3450368.0	1.0
3451800.0	1.0
3452958.0	1.0
3453000.0	1.0
3455312.0	1.0
3460740.0	1.0
3461768.0	1.0
3466630.0	1.0
3468448.0	1.0
3469652.0	1.0
3471186.0	1.0
3475434.0	1.0
3514328.0	1.0
3518600.0	1.0
3519012.0	1.0
3521334.0	1.0
3524436.0	1.0
3525262.0	1.0
3529972.0	1.0
3535946.0	1.0
3541706.0	1.0
3543988.0	1.0
3551322.0	1.0
3555684.0	1.0
3557444.0	1.0
3562090.0	1.0
3588072.0	1.0
3611998.0	1.0
3619916.0	1.0
3626314.0	1.0
3632632.0	1.0
3633830.0	1.0
3640214.0	1.0
3642688.0	1.0
3656274.0	1.0
3656592.0	1.0
3658028.0	1.0
3679468.0	1.0
3687270.0	1.0
3692658.0	1.0
3695108.0	1.0
3709154.0	1.0
3709322.0	1.0
3715200.0	1.0
3715608.0	1.0
3719548.0	1.0
3737508.0	1.0
3739340.0	1.0
3741548.0	1.0
3745708.0	1.0
3746336.0	1.0
3747346.0	1.0
3747556.0	1.0
3750852.0	1.0
3773988.0	1.0
3775134.0	1.0
3787530.0	1.0
3787748.0	1.0
3791288.0	1.0
3794756.0	1.0
3795012.0	1.0
3796162.0	1.0
3796344.0	1.0
3796820.0	1.0
3802586.0	1.0
3803438.0	2.0
3809148.0	1.0
3828604.0	1.0
3837900.0	1.0
3846116.0	1.0
3853942.0	1.0
3855210.0	1.0
3860454.0	1.0
3860576.0	1.0
3863136.0	1.0
3868150.0	1.0
3878884.0	1.0
3884272.0	1.0
3886432.0	1.0
3901534.0	1.0
3911592.0	1.0
3913190.0	1.0
3922832.0	1.0
3923224.0	1.0
3933794.0	1.0
3934146.0	1.0
3952244.0	1.0
3956390.0	1.0
3958944.0	1.0
3989420.0	1.0
4009214.0	1.0
4013652.0	1.0
4014850.0	1.0
4016476.0	1.0
4022312.0	1.0
4025316.0	1.0
4030948.0	1.0
4035112.0	1.0
4037054.0	1.0
4044612.0	1.0
4045726.0	1.0
4047802.0	1.0
4053826.0	1.0
4055958.0	1.0
4061566.0	1.0
4085544.0	1.0
4103518.0	1.0
4113846.0	1.0
4124948.0	1.0
4128368.0	1.0
4133210.0	1.0
4134774.0	1.0
4136954.0	1.0
4138606.0	1.0
4138960.0	1.0
4140924.0	1.0
4144858.0	1.0
4146480.0	1.0
4151730.0	1.0
4152206.0	1.0
4153492.0	1.0
4158592.0	1.0
4165142.0	1.0
4178622.0	1.0
4191026.0	1.0
4194198.0	1.0
4202154.0	1.0
4205286.0	1.0
4227268.0	1.0
4228650.0	1.0
4263214.0	1.0
4264528.0	1.0
4269724.0	1.0
4275882.0	1.0
4279574.0	1.0
4291652.0	1.0
4292884.0	1.0
4292992.0	1.0
4296980.0	1.0
4310330.0	1.0
4314416.0	1.0
4326806.0	1.0
4333260.0	1.0
4342178.0	1.0
4349930.0	1.0
4371858.0	1.0
4392866.0	1.0
4402522.0	1.0
4419210.0	1.0
4428922.0	1.0
4456916.0	1.0
4461816.0	1.0
4470896.0	1.0
4480264.0	1.0
4488786.0	1.0
4490440.0	1.0
4500332.0	1.0
4501966.0	1.0
4504990.0	1.0
4512424.0	1.0
4520226.0	1.0
4523272.0	1.0
4524108.0	1.0
4528828.0	1.0
4532436.0	1.0
4539932.0	1.0
4542918.0	1.0
4543058.0	1.0
4549376.0	1.0
4556058.0	1.0
4556116.0	1.0
4557400.0	1.0
4563168.0	1.0
4563388.0	1.0
4571198.0	1.0
4590876.0	1.0
4600660.0	1.0
4607820.0	1.0
4610830.0	1.0
4611716.0	1.0
4618686.0	1.0
4621950.0	1.0
4627926.0	1.0
4628690.0	1.0
4644124.0	1.0
4649334.0	1.0
4660130.0	1.0
4667236.0	1.0
4670104.0	1.0
4673066.0	1.0
4689144.0	1.0
4692122.0	1.0
4699608.0	1.0
4700928.0	1.0
4702266.0	1.0
4704802.0	1.0
4710296.0	1.0
4715670.0	1.0
4718448.0	1.0
4720550.0	1.0
4736764.0	1.0
4754830.0	1.0
4761584.0	1.0
4766846.0	1.0
4773944.0	1.0
4798004.0	1.0
4800224.0	1.0
4800644.0	1.0
4809684.0	1.0
4818312.0	1.0
4828074.0	1.0
4833086.0	1.0
4833556.0	1.0
4841776.0	1.0
4851372.0	1.0
4884982.0	1.0
4901870.0	1.0
4904228.0	1.0
4905716.0	1.0
4906508.0	1.0
4906580.0	1.0
4909230.0	1.0
4919958.0	1.0
4934548.0	1.0
4936388.0	1.0
4938940.0	1.0
4939158.0	1.0
4948234.0	1.0
4955644.0	1.0
4955864.0	1.0
4967146.0	1.0
4972380.0	1.0
4972836.0	1.0
4973900.0	1.0
4977756.0	1.0
4981276.0	1.0
4985542.0	1.0
4987726.0	1.0
4993662.0	1.0
4993840.0	1.0
5001064.0	1.0
5006230.0	1.0
5006334.0	1.0
5023784.0	1.0
5025810.0	1.0
5033090.0	1.0
5045478.0	1.0
5054004.0	1.0
5058712.0	1.0
5059286.0	1.0
5073358.0	1.0
5073962.0	1.0
5088924.0	1.0
5091872.0	1.0
5098156.0	1.0
5121460.0	1.0
5152850.0	1.0
5162508.0	1.0
5166254.0	1.0
5168094.0	1.0
5176294.0	1.0
5202124.0	1.0
5202208.0	1.0
5215662.0	1.0
5216116.0	1.0
5218564.0	1.0
5225480.0	1.0
5242400.0	1.0
5262590.0	1.0
5284884.0	1.0
5286082.0	1.0
5300970.0	1.0
5306322.0	1.0
5310332.0	1.0
5310476.0	1.0
5312200.0	1.0
5314360.0	1.0
5323892.0	1.0
5324168.0	1.0
5336172.0	1.0
5340368.0	1.0
5351012.0	1.0
5376144.0	1.0
5377184.0	1.0
5382858.0	1.0
5383074.0	1.0
5384624.0	1.0
5385234.0	1.0
5401224.0	1.0
5404468.0	1.0
5408982.0	1.0
5423632.0	1.0
5439682.0	1.0
5441730.0	1.0
5442138.0	1.0
5442776.0	1.0
5447582.0	1.0
5474738.0	1.0
5476978.0	1.0
5480156.0	1.0
5480686.0	1.0
5482460.0	1.0
5495678.0	1.0
5500792.0	1.0
5513414.0	1.0
5517120.0	1.0
5533656.0	1.0
5544592.0	1.0
5554140.0	1.0
5566486.0	1.0
5566684.0	1.0
5572562.0	1.0
5605372.0	1.0
5608232.0	1.0
5635210.0	1.0
5642382.0	1.0
5656238.0	1.0
5657038.0	1.0
5664888.0	1.0
5676770.0	1.0
5677640.0	1.0
5685444.0	1.0
5690010.0	1.0
5690472.0	1.0
5690948.0	1.0
5701624.0	1.0
5710788.0	1.0
5717360.0	1.0
5725114.0	1.0
5732138.0	1.0
5734090.0	1.0
5741888.0	1.0
5745826.0	1.0
5796328.0	1.0
5802440.0	1.0
5821118.0	1.0
5824912.0	1.0
5827972.0	1.0
5829502.0	1.0
5872806.0	1.0
5874704.0	1.0
5898016.0	1.0
5930776.0	1.0
5936666.0	1.0
5968986.0	1.0
5969640.0	1.0
5971164.0	1.0
5971304.0	1.0
5971520.0	1.0
5982496.0	1.0
5983806.0	1.0
5987722.0	1.0
6013320.0	1.0
6025370.0	1.0
6026500.0	1.0
6027308.0	1.0
6034512.0	1.0
6035630.0	1.0
6038578.0	1.0
6049340.0	1.0
6061090.0	1.0
6061900.0	1.0
6064292.0	1.0
6076088.0	1.0
6077492.0	1.0
6084002.0	1.0
6107714.0	1.0
6120040.0	1.0
6138916.0	1.0
6140138.0	1.0
6159808.0	1.0
6159934.0	1.0
6167306.0	1.0
6172614.0	1.0
6180440.0	1.0
6181852.0	1.0
6186546.0	1.0
6205400.0	1.0
6210202.0	1.0
6215364.0	1.0
6247276.0	1.0
6268994.0	1.0
6281634.0	1.0
6285412.0	1.0
6314230.0	1.0
6322190.0	1.0
6330558.0	1.0
6348728.0	1.0
6352182.0	1.0
6359014.0	1.0
6382408.0	1.0
6390020.0	1.0
6395190.0	1.0
6395352.0	1.0
6397310.0	1.0
6397642.0	1.0
6403422.0	1.0
6408106.0	1.0
6408130.0	1.0
6421408.0	1.0
6424020.0	1.0
6424982.0	1.0
6425886.0	1.0
6463170.0	1.0
6475410.0	1.0
6478688.0	1.0
6483732.0	1.0
6501464.0	1.0
6521642.0	1.0
6529142.0	1.0
6534256.0	1.0
6546330.0	1.0
6554968.0	1.0
6555232.0	1.0
6556648.0	1.0
6566940.0	1.0
6568218.0	1.0
6573646.0	1.0
6589716.0	1.0
6617990.0	1.0
6626208.0	1.0
6640978.0	1.0
6653316.0	1.0
6667498.0	1.0
6669056.0	1.0
6676624.0	1.0
6693262.0	1.0
6707136.0	1.0
6713198.0	1.0
6724364.0	1.0
6730694.0	1.0
6731806.0	1.0
6737818.0	1.0
6739142.0	1.0
6740794.0	1.0
6753986.0	1.0
6784132.0	1.0
6790050.0	1.0
6798234.0	1.0
6800000.0	1.0
6802314.0	1.0
6807150.0	1.0
6816782.0	1.0
6822082.0	1.0
6861562.0	1.0
6866382.0	1.0
6869158.0	1.0
6872286.0	1.0
6925468.0	1.0
6926802.0	1.0
6936506.0	1.0
6939200.0	1.0
6940096.0	1.0
6952508.0	1.0
6967074.0	1.0
6974408.0	1.0
6977866.0	1.0
7019718.0	1.0
7020840.0	1.0
7060222.0	1.0
7072730.0	1.0
7080222.0	1.0
7100392.0	1.0
7104636.0	1.0
7166512.0	1.0
7167888.0	1.0
7174392.0	1.0
7176376.0	1.0
7185822.0	1.0
7198122.0	1.0
7225304.0	1.0
7269934.0	1.0
7272270.0	1.0
7292250.0	1.0
7312024.0	1.0
7318408.0	1.0
7330444.0	1.0
7334644.0	1.0
7341418.0	1.0
7343844.0	1.0
7371144.0	1.0
7375924.0	1.0
7404742.0	1.0
7405910.0	1.0
7408580.0	1.0
7416310.0	1.0
7419122.0	1.0
7432920.0	1.0
7441946.0	1.0
7446078.0	1.0
7446100.0	1.0
7454474.0	1.0
7467448.0	1.0
7477674.0	1.0
7478160.0	1.0
7495632.0	1.0
7496566.0	1.0
7523964.0	1.0
7533794.0	1.0
7570852.0	1.0
7582096.0	1.0
7595568.0	1.0
7605694.0	1.0
7606002.0	1.0
7607380.0	1.0
7671976.0	1.0
7676062.0	1.0
7677628.0	1.0
7715204.0	1.0
7725196.0	1.0
7732570.0	1.0
7742914.0	1.0
7743714.0	1.0
7744024.0	1.0
7746378.0	1.0
7779648.0	1.0
7779816.0	1.0
7785090.0	1.0
7791762.0	1.0
7795118.0	1.0
7796554.0	1.0
7836942.0	1.0
7861682.0	1.0
7868180.0	1.0
7900220.0	1.0
7928216.0	1.0
7941296.0	1.0
7958726.0	1.0
7965888.0	1.0
7973604.0	1.0
7992290.0	1.0
7992388.0	1.0
7992776.0	1.0
7998328.0	1.0
7999632.0	1.0
8022664.0	1.0
8028386.0	1.0
8037794.0	1.0
8104526.0	1.0
8111276.0	1.0
8122538.0	1.0
8163422.0	1.0
8166278.0	1.0
8170458.0	1.0
8174522.0	1.0
8213708.0	1.0
8253054.0	1.0
8254344.0	1.0
8264788.0	1.0
8278768.0	1.0
8353498.0	1.0
8357536.0	1.0
8382818.0	1.0
8389112.0	1.0
8419410.0	1.0
8422006.0	1.0
8423522.0	1.0
8425908.0	1.0
8427708.0	1.0
8429228.0	1.0
8432778.0	1.0
8435772.0	1.0
8454310.0	1.0
8482874.0	1.0
8497674.0	1.0
8514888.0	1.0
8580078.0	1.0
8597650.0	1.0
8606562.0	1.0
8617436.0	1.0
8632852.0	1.0
8635824.0	1.0
8666244.0	1.0
8691954.0	1.0
8693002.0	1.0
8731286.0	1.0
8731970.0	1.0
8748960.0	1.0
8762244.0	1.0
8784320.0	1.0
8804962.0	1.0
8834022.0	1.0
8840222.0	1.0
8900902.0	1.0
8908682.0	1.0
8910692.0	1.0
8921088.0	1.0
8925414.0	1.0
8939296.0	1.0
8953474.0	1.0
8998966.0	1.0
9006560.0	1.0
9014178.0	1.0
9030734.0	1.0
9043866.0	1.0
9083544.0	1.0
9084484.0	1.0
9100354.0	1.0
9109708.0	1.0
9114386.0	1.0
9119518.0	1.0
9164898.0	1.0
9170480.0	1.0
9199398.0	1.0
9206306.0	1.0
9218914.0	1.0
9229018.0	1.0
9230600.0	1.0
9237696.0	1.0
9247606.0	1.0
9274496.0	1.0
9282032.0	1.0
9311228.0	1.0
9364734.0	1.0
9391504.0	1.0
9402128.0	1.0
9408124.0	1.0
9409106.0	1.0
9428400.0	1.0
9435820.0	1.0
9447198.0	1.0
9490034.0	1.0
9491540.0	1.0
9500652.0	1.0
9504792.0	1.0
9506936.0	1.0
9521838.0	1.0
9533144.0	1.0
9564882.0	1.0
9591628.0	1.0
9604930.0	1.0
9605872.0	1.0
9610296.0	1.0
9632756.0	1.0
9663062.0	1.0
9686036.0	1.0
9688264.0	1.0
9702784.0	1.0
9706450.0	1.0
9707230.0	1.0
9726786.0	1.0
9734374.0	1.0
9741868.0	1.0
9746482.0	1.0
9747498.0	1.0
9754486.0	1.0
9758742.0	1.0
9761692.0	1.0
9769478.0	1.0
9777642.0	1.0
9781734.0	1.0
9789288.0	1.0
9797356.0	1.0
9817948.0	1.0
9825680.0	1.0
9833864.0	1.0
9845488.0	1.0
9910132.0	1.0
9925050.0	1.0
9926102.0	1.0
9978022.0	1.0
1.0000976E7	1.0
1.000152E7	1.0
1.001691E7	1.0
1.0028538E7	1.0
1.0044334E7	1.0
1.0049508E7	1.0
1.0049718E7	1.0
1.0063926E7	1.0
1.0084628E7	1.0
1.0093928E7	1.0
1.0096052E7	1.0
1.0109816E7	1.0
1.0125098E7	1.0
1.012576E7	1.0
1.0125962E7	1.0
1.013929E7	1.0
1.0147772E7	1.0
1.0149252E7	1.0
1.0172066E7	1.0
1.019995E7	1.0
1.0257368E7	1.0
1.0267202E7	1.0
1.0285546E7	1.0
1.029914E7	1.0
1.0306364E7	1.0
1.0323096E7	1.0
1.0343248E7	1.0
1.0358346E7	1.0
1.036598E7	1.0
1.0375482E7	1.0
1.0409452E7	1.0
1.04239E7	1.0
1.0438704E7	1.0
1.0450922E7	1.0
1.0454826E7	1.0
1.0477704E7	1.0
1.049591E7	1.0
1.051524E7	1.0
1.0525238E7	1.0
1.0533528E7	1.0
1.0564962E7	1.0
1.0579314E7	1.0
1.0596886E7	1.0
1.060975E7	1.0
1.0610166E7	1.0
1.0722974E7	1.0
1.0729376E7	1.0
1.0737988E7	1.0
1.0782972E7	1.0
1.0783198E7	1.0
1.0791444E7	1.0
1.0792618E7	1.0
1.0807188E7	1.0
1.080897E7	1.0
1.0815416E7	1.0
1.0827962E7	1.0
1.0870814E7	1.0
1.0872044E7	1.0
1.0876128E7	1.0
1.088517E7	1.0
1.09092E7	1.0
1.09391E7	1.0
1.0960826E7	1.0
1.0961096E7	1.0
1.0987186E7	1.0
1.1001078E7	1.0
1.10015E7	1.0
1.1002168E7	1.0
1.1018936E7	1.0
1.1020098E7	1.0
1.103208E7	1.0
1.1036882E7	1.0
1.1050188E7	1.0
1.105438E7	1.0
1.1087058E7	1.0
1.1098136E7	1.0
1.1104686E7	1.0
1.1121638E7	1.0
1.1127714E7	1.0
1.1139242E7	1.0
1.1140412E7	1.0
1.1144976E7	1.0
1.1147814E7	1.0
1.1155182E7	1.0
1.1179028E7	1.0
1.120145E7	1.0
1.123976E7	1.0
1.1252722E7	1.0
1.127382E7	1.0
1.1275642E7	1.0
1.1276076E7	1.0
1.1278864E7	1.0
1.128816E7	1.0
1.1339522E7	1.0
1.1354122E7	1.0
1.1366692E7	1.0
1.1378112E7	1.0
1.1400852E7	1.0
1.1402734E7	1.0
1.1420628E7	1.0
1.1421652E7	1.0
1.1425602E7	1.0
1.1475928E7	1.0
1.1479214E7	1.0
1.1500124E7	1.0
1.1523652E7	1.0
1.1568768E7	1.0
1.1582706E7	1.0
1.1596718E7	1.0
1.1602658E7	1.0
1.1632638E7	1.0
1.1649818E7	1.0
1.166536E7	1.0
1.1671378E7	1.0
1.1691338E7	1.0
1.1751142E7	1.0
1.1753412E7	1.0
1.1767432E7	1.0
1.1770824E7	1.0
1.1785312E7	1.0
1.1787772E7	1.0
1.180407E7	1.0
1.1814208E7	1.0
1.1817298E7	1.0
1.1831066E7	1.0
1.1833422E7	1.0
1.186321E7	1.0
1.1863706E7	1.0
1.1866654E7	1.0
1.189536E7	1.0
1.1895508E7	1.0
1.1937504E7	1.0
1.1951132E7	1.0
1.1968116E7	1.0
1.2033686E7	1.0
1.206469E7	1.0
1.2068086E7	1.0
1.209695E7	1.0
1.2119832E7	1.0
1.2122154E7	1.0
1.2146752E7	1.0
1.2181938E7	1.0
1.2184248E7	1.0
1.2190942E7	1.0
1.2208912E7	1.0
1.2241208E7	1.0
1.2245396E7	1.0
1.22654E7	1.0
1.2290022E7	1.0
1.2299254E7	1.0
1.235793E7	1.0
1.2365764E7	1.0
1.2412006E7	1.0
1.2456618E7	1.0
1.2500994E7	1.0
1.2530842E7	1.0
1.2549602E7	1.0
1.2559498E7	1.0
1.256734E7	1.0
1.2595858E7	1.0
1.263071E7	1.0
1.2635852E7	1.0
1.2649202E7	1.0
1.2651264E7	1.0
1.2661434E7	1.0
1.266163E7	1.0
1.2669348E7	1.0
1.2699742E7	1.0
1.271367E7	1.0
1.2717256E7	1.0
1.2719726E7	1.0
1.2786934E7	1.0
1.2788544E7	1.0
1.2820924E7	1.0
1.2827538E7	1.0
1.2843748E7	1.0
1.287287E7	1.0
1.289494E7	1.0
1.290669E7	1.0
1.2918392E7	1.0
1.2939104E7	1.0
1.2961764E7	1.0
1.2963886E7	1.0
1.2974234E7	1.0
1.300892E7	1.0
1.302549E7	1.0
1.304169E7	1.0
1.304955E7	1.0
1.3055078E7	1.0
1.3068172E7	1.0
1.3070376E7	1.0
1.3118034E7	1.0
1.3138374E7	1.0
1.3151558E7	1.0
1.316433E7	1.0
1.3244668E7	1.0
1.3246006E7	1.0
1.3301924E7	1.0
1.331514E7	1.0
1.3324964E7	1.0
1.3337986E7	1.0
1.334658E7	1.0
1.3347152E7	1.0
1.3407748E7	1.0
1.3414596E7	1.0
1.3414648E7	1.0
1.3420946E7	1.0
1.3444654E7	1.0
1.345347E7	1.0
1.3459286E7	1.0
1.34887E7	1.0
1.3496738E7	1.0
1.3510824E7	1.0
1.3512964E7	1.0
1.3524624E7	1.0
1.3543814E7	1.0
1.3571496E7	1.0
1.357376E7	1.0
1.3592004E7	1.0
1.363047E7	1.0
1.3651006E7	1.0
1.3663532E7	1.0
1.3692934E7	1.0
1.3799226E7	1.0
1.3841654E7	1.0
1.3847644E7	1.0
1.3853742E7	1.0
1.3859964E7	1.0
1.3865958E7	1.0
1.3895334E7	1.0
1.3902674E7	1.0
1.390759E7	1.0
1.3922756E7	1.0
1.3929442E7	1.0
1.393919E7	1.0
1.3954234E7	1.0
1.3976836E7	1.0
1.3989416E7	1.0
1.399972E7	1.0
1.4029158E7	1.0
1.4050056E7	1.0
1.4070168E7	1.0
1.4088862E7	1.0
1.4124424E7	1.0
1.413874E7	1.0
1.4144768E7	1.0
1.4159836E7	1.0
1.4186764E7	1.0
1.4190844E7	1.0
1.4229524E7	1.0
1.4231692E7	1.0
1.4232242E7	1.0
1.4240348E7	1.0
1.42433E7	1.0
1.426137E7	1.0
1.4277758E7	1.0
1.4306934E7	1.0
1.4312656E7	1.0
1.4318492E7	1.0
1.434183E7	1.0
1.4349356E7	1.0
1.4390874E7	1.0
1.4427786E7	1.0
1.44331E7	1.0
1.4450032E7	1.0
1.4458942E7	1.0
1.4470368E7	1.0
1.4493552E7	1.0
1.450133E7	1.0
1.4502256E7	1.0
1.4502406E7	1.0
1.4525518E7	1.0
1.4554544E7	1.0
1.455853E7	1.0
1.456523E7	1.0
1.4592486E7	1.0
1.4632394E7	1.0
1.467217E7	1.0
1.4681024E7	1.0
1.469178E7	1.0
1.470574E7	1.0
1.4738676E7	1.0
1.4760386E7	1.0
1.4782558E7	1.0
1.4808284E7	1.0
1.4821804E7	1.0
1.482708E7	1.0
1.4828962E7	1.0
1.4896528E7	1.0
1.4898848E7	1.0
1.492025E7	1.0
1.4924834E7	1.0
1.4925318E7	1.0
1.492952E7	1.0
1.493188E7	1.0
1.4932196E7	1.0
1.4946662E7	1.0
1.4978294E7	1.0
1.4978708E7	1.0
1.4996656E7	1.0
1.4998246E7	1.0
1.5009338E7	1.0
1.501531E7	1.0
1.501872E7	1.0
1.5033606E7	1.0
1.508674E7	1.0
1.5121918E7	1.0
1.5146672E7	1.0
1.5152672E7	1.0
1.5188752E7	1.0
1.5193348E7	1.0
1.5204812E7	1.0
1.5242602E7	1.0
1.5282826E7	1.0
1.5317768E7	1.0
1.5321628E7	1.0
1.536596E7	1.0
1.5372824E7	1.0
1.5376894E7	1.0
1.5391224E7	1.0
1.5400478E7	1.0
1.542378E7	1.0
1.5448036E7	1.0
1.5452038E7	1.0
1.5473394E7	1.0
1.5538132E7	1.0
1.5558772E7	1.0
1.5560586E7	1.0
1.5570604E7	1.0
1.5620906E7	1.0
1.5640894E7	1.0
1.5689498E7	1.0
1.5773692E7	1.0
1.5775222E7	1.0
1.582641E7	1.0
1.5835396E7	1.0
1.5910072E7	1.0
1.5964764E7	1.0
1.5965076E7	1.0
1.597829E7	1.0
1.6025042E7	1.0
1.6061496E7	1.0
1.610802E7	1.0
1.61188E7	1.0
1.6141602E7	1.0
1.6184914E7	1.0
1.6237158E7	1.0
1.6305872E7	1.0
1.631653E7	1.0
1.6324078E7	1.0
1.634424E7	1.0
1.6345016E7	1.0
1.635323E7	1.0
1.6355876E7	1.0
1.6377488E7	1.0
1.6377728E7	1.0
1.638534E7	1.0
1.6400462E7	1.0
1.6402872E7	1.0
1.6416556E7	1.0
1.6454312E7	1.0
1.6462732E7	1.0
1.6477876E7	1.0
1.6486324E7	1.0
1.6500458E7	1.0
1.6500706E7	1.0
1.6511092E7	1.0
1.6533602E7	1.0
1.6561292E7	1.0
1.6587728E7	1.0
1.6601436E7	1.0
1.6670952E7	1.0
1.6679568E7	1.0
1.6697506E7	1.0
1.6718326E7	1.0
1.6761154E7	1.0
1.6776584E7	1.0
1.6791768E7	1.0
1.6814186E7	1.0
1.6833074E7	1.0
1.6863142E7	1.0
1.6864352E7	1.0
1.6894252E7	1.0
1.6909688E7	1.0
1.7069644E7	1.0
1.7084684E7	1.0
1.7087134E7	1.0
1.709504E7	1.0
1.7118138E7	1.0
1.7135148E7	1.0
1.7177524E7	1.0
1.7231374E7	1.0
1.7249552E7	1.0
1.7330866E7	1.0
1.7339906E7	1.0
1.7409218E7	1.0
1.7415538E7	1.0
1.7416392E7	1.0
1.7428432E7	1.0
1.743116E7	1.0
1.7448468E7	1.0
1.7457478E7	1.0
1.7490728E7	1.0
1.7505472E7	1.0
1.7507442E7	1.0
1.7526334E7	1.0
1.752826E7	1.0
1.7564156E7	1.0
1.7743056E7	1.0
1.7806384E7	1.0
1.7839424E7	1.0
1.7888944E7	1.0
1.7910498E7	1.0
1.7919502E7	1.0
1.7981302E7	1.0
1.7994722E7	1.0
1.8059692E7	1.0
1.8217008E7	1.0
1.8220762E7	1.0
1.822696E7	1.0
1.826147E7	1.0
1.8273372E7	1.0
1.8309468E7	1.0
1.8373796E7	1.0
1.839833E7	1.0
1.854515E7	1.0
1.8618874E7	1.0
1.8863632E7	1.0
1.8874288E7	1.0
1.8900918E7	1.0
1.897299E7	1.0
1.8976252E7	1.0
1.899667E7	1.0
1.9084936E7	1.0
1.9147206E7	1.0
1.9162254E7	1.0
1.9167654E7	1.0
1.921398E7	1.0
1.9258526E7	1.0
1.9294284E7	1.0
1.9375022E7	1.0
1.938238E7	1.0
1.9465078E7	1.0
1.9491546E7	1.0
1.9513142E7	1.0
1.9552758E7	1.0
1.9567096E7	1.0
1.9590628E7	1.0
1.9609924E7	1.0
1.9647146E7	1.0
1.96487E7	1.0
1.9650758E7	1.0
1.9664768E7	1.0
1.9706986E7	1.0
1.97289E7	1.0
1.9761354E7	1.0
1.9766656E7	1.0
1.9799176E7	1.0
1.9826412E7	1.0
1.9875384E7	1.0
1.989029E7	1.0
1.990672E7	1.0
1.9923586E7	1.0
1.9929302E7	1.0
1.9939588E7	1.0
1.9974692E7	1.0
2.0027432E7	1.0
2.0068268E7	1.0
2.0078766E7	1.0
2.0093032E7	1.0
2.011413E7	1.0
2.012545E7	1.0
2.0133784E7	1.0
2.0178376E7	1.0
2.020527E7	1.0
2.0247558E7	1.0
2.0283282E7	1.0
2.0308026E7	1.0
2.0350756E7	1.0
2.0379928E7	1.0
2.040086E7	1.0
2.0451984E7	1.0
2.0484788E7	1.0
2.0532204E7	1.0
2.0563308E7	1.0
2.0578796E7	1.0
2.0628754E7	1.0
2.0650928E7	1.0
2.0668354E7	1.0
2.0701388E7	1.0
2.07391E7	1.0
2.0740056E7	1.0
2.0757738E7	1.0
2.0850206E7	1.0
2.0856324E7	1.0
2.0881102E7	1.0
2.0894518E7	1.0
2.0901588E7	1.0
2.091543E7	1.0
2.0932964E7	1.0
2.095659E7	1.0
2.096153E7	1.0
2.096329E7	1.0
2.1033448E7	1.0
2.1039034E7	1.0
2.1066864E7	1.0
2.1071E7	1.0
2.1099848E7	1.0
2.112097E7	1.0
2.112591E7	1.0
2.1181028E7	1.0
2.128335E7	1.0
2.1300492E7	1.0
2.1310916E7	1.0
2.1338948E7	1.0
2.136535E7	1.0
2.138093E7	1.0
2.1386452E7	1.0
2.1411846E7	1.0
2.1439064E7	1.0
2.1447238E7	1.0
2.1587462E7	1.0
2.1592336E7	1.0
2.1651278E7	1.0
2.1671872E7	1.0
2.170948E7	1.0
2.173973E7	1.0
2.1763518E7	1.0
2.1767944E7	1.0
2.1895318E7	1.0
2.1905384E7	1.0
2.1930978E7	1.0
2.197749E7	1.0
2.1980098E7	1.0
2.1986266E7	1.0
2.2005674E7	1.0
2.2017236E7	1.0
2.2019234E7	1.0
2.2132856E7	1.0
2.2157536E7	1.0
2.216552E7	1.0
2.220408E7	1.0
2.2204538E7	1.0
2.2214694E7	1.0
2.2219376E7	1.0
2.2336956E7	1.0
2.2338738E7	1.0
2.23709E7	1.0
2.2455736E7	1.0
2.2466752E7	1.0
2.2525304E7	1.0
2.255136E7	1.0
2.2568398E7	1.0
2.256922E7	1.0
2.265475E7	1.0
2.2671142E7	1.0
2.2696816E7	1.0
2.2718638E7	1.0
2.2725496E7	1.0
2.275105E7	1.0
2.2762078E7	1.0
2.279701E7	1.0
2.2797756E7	1.0
2.2805212E7	1.0
2.2815714E7	1.0
2.2874734E7	1.0
2.2884792E7	1.0
2.2891324E7	1.0
2.2907776E7	1.0
2.291359E7	1.0
2.2921224E7	1.0
2.2948466E7	1.0
2.2964314E7	1.0
2.3031516E7	1.0
2.3083536E7	1.0
2.3103046E7	1.0
2.3195262E7	1.0
2.3202452E7	1.0
2.3221376E7	1.0
2.3268292E7	1.0
2.3276888E7	1.0
2.327841E7	1.0
2.3323318E7	1.0
2.3334546E7	1.0
2.3349822E7	1.0
2.3431456E7	1.0
2.3493392E7	1.0
2.3497048E7	1.0
2.3505506E7	1.0
2.3633326E7	1.0
2.3656652E7	1.0
2.3699744E7	1.0
2.3831614E7	1.0
2.3863884E7	1.0
2.3867862E7	1.0
2.3910756E7	1.0
2.393365E7	1.0
2.3973258E7	1.0
2.3992652E7	1.0
2.4041338E7	1.0
2.4050414E7	1.0
2.4077808E7	1.0
2.4162864E7	1.0
2.4173908E7	1.0
2.4234766E7	1.0
2.423942E7	1.0
2.4259822E7	1.0
2.4273974E7	1.0
2.4309394E7	1.0
2.4318272E7	1.0
2.43202E7	1.0
2.4336316E7	1.0
2.4389406E7	1.0
2.4465818E7	1.0
2.4483208E7	1.0
2.4504098E7	1.0
2.4512202E7	1.0
2.4663932E7	1.0
2.4692556E7	1.0
2.4698048E7	1.0
2.472508E7	1.0
2.474316E7	1.0
2.4759556E7	1.0
2.4790572E7	1.0
2.4796124E7	1.0
2.4927042E7	1.0
2.499784E7	1.0
2.5012936E7	1.0
2.5017836E7	1.0
2.5045668E7	1.0
2.5054038E7	1.0
2.5088448E7	1.0
2.5133536E7	1.0
2.5134374E7	1.0
2.5186978E7	1.0
2.5191508E7	1.0
2.5202918E7	1.0
2.52219E7	1.0
2.523256E7	1.0
2.5240892E7	1.0
2.5273674E7	1.0
2.5278194E7	1.0
2.5283736E7	1.0
2.5290334E7	1.0
2.5297834E7	1.0
2.5303974E7	1.0
2.5339208E7	1.0
2.5345492E7	1.0
2.5375194E7	1.0
2.5434306E7	1.0
2.5454976E7	1.0
2.5484082E7	1.0
2.5573916E7	1.0
2.5583698E7	1.0
2.560458E7	1.0
2.5641284E7	1.0
2.5644596E7	1.0
2.5669446E7	1.0
2.5673152E7	1.0
2.5703366E7	1.0
2.572356E7	1.0
2.573321E7	1.0
2.5746468E7	1.0
2.5748174E7	1.0
2.5956906E7	1.0
2.596464E7	1.0
2.5971038E7	1.0
2.5971262E7	1.0
2.5989008E7	1.0
2.6062066E7	1.0
2.6066498E7	1.0
2.6074992E7	1.0
2.6092728E7	1.0
2.6102508E7	1.0
2.6119654E7	1.0
2.6130804E7	1.0
2.6147966E7	1.0
2.6287024E7	1.0
2.6300646E7	1.0
2.6302976E7	1.0
2.6358456E7	1.0
2.6427744E7	1.0
2.6433074E7	1.0
2.6433842E7	1.0
2.6496958E7	1.0
2.6502656E7	1.0
2.6548292E7	1.0
2.6631876E7	1.0
2.6648268E7	1.0
2.674282E7	1.0
2.6745224E7	1.0
2.6750174E7	1.0
2.6806356E7	1.0
2.6874546E7	1.0
2.6887612E7	1.0
2.6947798E7	1.0
2.6965758E7	1.0
2.7031628E7	1.0
2.704668E7	1.0
2.7058046E7	1.0
2.7123938E7	1.0
2.714653E7	1.0
2.7171974E7	1.0
2.7173086E7	1.0
2.730815E7	1.0
2.7333544E7	1.0
2.735054E7	1.0
2.7366674E7	1.0
2.7367718E7	1.0
2.743971E7	1.0
2.7624206E7	1.0
2.765456E7	1.0
2.7669374E7	1.0
2.7689128E7	1.0
2.7733416E7	1.0
2.7811476E7	1.0
2.781441E7	1.0
2.782168E7	1.0
2.7838674E7	1.0
2.784899E7	1.0
2.7952624E7	1.0
2.7972054E7	1.0
2.8032386E7	1.0
2.8049836E7	1.0
2.8095702E7	1.0
2.813492E7	1.0
2.8149064E7	1.0
2.8176538E7	1.0
2.8201526E7	1.0
2.823087E7	1.0
2.825711E7	1.0
2.8282454E7	1.0
2.8290868E7	1.0
2.8324496E7	1.0
2.8331752E7	1.0
2.8382394E7	1.0
2.8385768E7	1.0
2.8467672E7	1.0
2.8479796E7	1.0
2.852646E7	1.0
2.8582954E7	1.0
2.8583292E7	1.0
2.861425E7	1.0
2.8642656E7	1.0
2.8645338E7	1.0
2.8665506E7	1.0
2.8730314E7	1.0
2.8821022E7	1.0
2.8867968E7	1.0
2.8910576E7	1.0
2.8961782E7	1.0
2.8989308E7	1.0
2.9017734E7	1.0
2.9053186E7	1.0
2.9080132E7	1.0
2.9105326E7	1.0
2.9196968E7	1.0
2.9231296E7	1.0
2.923322E7	1.0
2.9302472E7	1.0
2.931003E7	1.0
2.938604E7	1.0
2.9420754E7	1.0
2.9442312E7	1.0
2.9503936E7	1.0
2.9532174E7	1.0
2.953635E7	1.0
2.9562404E7	1.0
2.9574572E7	1.0
2.959519E7	1.0
2.9626084E7	1.0
2.9670374E7	1.0
2.9735844E7	1.0
2.9759508E7	1.0
2.9769398E7	1.0
2.9885292E7	1.0
2.989319E7	1.0
2.9905134E7	1.0
2.9919374E7	1.0
2.9922042E7	1.0
2.9951928E7	1.0
3.0072732E7	1.0
3.0130998E7	1.0
3.0156502E7	1.0
3.0202132E7	1.0
3.0236006E7	1.0
3.027511E7	1.0
3.031903E7	1.0
3.0325626E7	1.0
3.0377754E7	1.0
3.0415638E7	1.0
3.0418706E7	1.0
3.042936E7	1.0
3.0472652E7	1.0
3.0538026E7	1.0
3.054958E7	1.0
3.0564212E7	1.0
3.057594E7	1.0
3.0587036E7	1.0
3.06037E7	1.0
3.0689208E7	1.0
3.0720928E7	1.0
3.080253E7	1.0
3.0815498E7	1.0
3.0820558E7	1.0
3.082292E7	1.0
3.0824154E7	1.0
3.0889242E7	1.0
3.0898244E7	1.0
3.0929584E7	1.0
3.1036966E7	1.0
3.1055216E7	1.0
3.1087958E7	1.0
3.1153098E7	1.0
3.1179746E7	1.0
3.1187414E7	1.0
3.1193904E7	1.0
3.1250582E7	1.0
3.1260942E7	1.0
3.1262538E7	1.0
3.1284718E7	1.0
3.132714E7	1.0
3.1345934E7	1.0
3.1348214E7	1.0
3.1385184E7	1.0
3.1433296E7	1.0
3.1439958E7	1.0
3.146536E7	1.0
3.1470266E7	1.0
3.1531026E7	1.0
3.1653318E7	1.0
3.1663736E7	1.0
3.17433E7	1.0
3.1792172E7	1.0
3.1811476E7	1.0
3.1835326E7	1.0
3.184958E7	1.0
3.1938912E7	1.0
3.2007128E7	1.0
3.2153322E7	1.0
3.215964E7	1.0
3.2165416E7	1.0
3.2169116E7	1.0
3.2187658E7	1.0
3.2189788E7	1.0
3.219593E7	1.0
3.225352E7	1.0
3.225823E7	1.0
3.2269526E7	1.0
3.232629E7	1.0
3.2336144E7	1.0
3.2438036E7	1.0
3.2506162E7	1.0
3.2506508E7	1.0
3.2514952E7	1.0
3.2520792E7	1.0
3.255522E7	1.0
3.258145E7	1.0
3.2613262E7	1.0
3.2617228E7	1.0
3.262534E7	1.0
3.26689E7	1.0
3.2674676E7	1.0
3.2693484E7	1.0
3.2719974E7	1.0
3.273726E7	1.0
3.2749428E7	1.0
3.2783624E7	1.0
3.2795832E7	1.0
3.2836052E7	1.0
3.2899232E7	1.0
3.2909946E7	1.0
3.2945666E7	1.0
3.299174E7	1.0
3.3056222E7	1.0
3.3082354E7	1.0
3.3176112E7	1.0
3.3202288E7	1.0
3.3212334E7	1.0
3.3225976E7	1.0
3.3232914E7	1.0
3.3234404E7	1.0
3.3261688E7	1.0
3.3289804E7	1.0
3.3310366E7	1.0
3.33196E7	1.0
3.3360654E7	1.0
3.338396E7	1.0
3.3386634E7	1.0
3.3433526E7	1.0
3.3567486E7	1.0
3.3579192E7	1.0
3.3618772E7	1.0
3.3624566E7	1.0
3.3639714E7	1.0
3.3773608E7	1.0
3.379812E7	1.0
3.3835452E7	1.0
3.3899854E7	1.0
3.4076202E7	1.0
3.4151728E7	1.0
3.4189396E7	1.0
3.4204824E7	1.0
3.4264734E7	1.0
3.429916E7	1.0
3.43233E7	1.0
3.4364164E7	1.0
3.4415996E7	1.0
3.4452024E7	1.0
3.4455288E7	1.0
3.4494088E7	1.0
3.4507784E7	1.0
3.4537584E7	1.0
3.483089E7	1.0
3.4860032E7	1.0
3.492608E7	1.0
3.4962888E7	1.0
3.503234E7	1.0
3.5065626E7	1.0
3.5093388E7	1.0
3.5127236E7	1.0
3.5150456E7	1.0
3.520158E7	1.0
3.5205498E7	1.0
3.5217644E7	1.0
3.5281788E7	1.0
3.5348894E7	1.0
3.5366458E7	1.0
3.5438606E7	1.0
3.5506336E7	1.0
3.5596946E7	1.0
3.5729384E7	1.0
3.5829472E7	1.0
3.5892814E7	1.0
3.5929908E7	1.0
3.6046358E7	1.0
3.6068588E7	1.0
3.6239824E7	1.0
3.626218E7	1.0
3.6301534E7	1.0
3.6419818E7	1.0
3.645952E7	1.0
3.6498318E7	1.0
3.6505124E7	1.0
3.6518962E7	1.0
3.6582134E7	1.0
3.661873E7	1.0
3.663787E7	1.0
3.668616E7	1.0
3.6746728E7	1.0
3.6783462E7	1.0
3.699549E7	1.0
3.7024794E7	1.0
3.70258E7	1.0
3.7121834E7	1.0
3.7166846E7	1.0
3.7196524E7	1.0
3.7201552E7	1.0
3.7249658E7	1.0
3.7256548E7	1.0
3.7290594E7	1.0
3.73241E7	1.0
3.7486568E7	1.0
3.7491468E7	1.0
3.7507788E7	1.0
3.762719E7	1.0
3.766573E7	1.0
3.7685318E7	1.0
3.7727334E7	1.0
3.7762096E7	1.0
3.7783046E7	1.0
3.779816E7	1.0
3.7798376E7	1.0
3.7925294E7	1.0
3.7989186E7	1.0
3.81308E7	1.0
3.8194098E7	1.0
3.820345E7	1.0
3.8219736E7	1.0
3.826045E7	1.0
3.8307064E7	1.0
3.8318284E7	1.0
3.843995E7	1.0
3.8469628E7	1.0
3.8671684E7	1.0
3.8723742E7	1.0
3.8766024E7	1.0
3.876624E7	1.0
3.8855478E7	1.0
3.8892822E7	1.0
3.8956192E7	1.0
3.8959276E7	1.0
3.8966236E7	1.0
3.9054042E7	1.0
3.9055386E7	1.0
3.911687E7	1.0
3.9207808E7	1.0
3.923796E7	1.0
3.9351298E7	1.0
3.9373366E7	1.0
3.9377444E7	1.0
3.9395854E7	1.0
3.9418846E7	1.0
3.9440968E7	1.0
3.9446974E7	1.0
3.9461514E7	1.0
3.9482992E7	1.0
3.9497702E7	1.0
3.9549876E7	1.0
3.9597466E7	1.0
3.9637918E7	1.0
3.9695382E7	1.0
3.9776208E7	1.0
3.9798206E7	1.0
3.9865762E7	1.0
3.9877352E7	1.0
3.9891898E7	1.0
4.0027098E7	1.0
4.006712E7	1.0
4.0088346E7	1.0
4.0100542E7	1.0
4.0105996E7	1.0
4.0107964E7	1.0
4.0109308E7	1.0
4.0179926E7	1.0
4.0264766E7	1.0
4.0325542E7	1.0
4.043122E7	1.0
4.0460462E7	1.0
4.0485524E7	1.0
4.055318E7	1.0
4.056149E7	1.0
4.0682876E7	1.0
4.074555E7	1.0
4.0754176E7	1.0
4.1000586E7	1.0
4.1033276E7	1.0
4.1076326E7	1.0
4.115715E7	1.0
4.1179178E7	1.0
4.1185268E7	1.0
4.1244536E7	1.0
4.127007E7	1.0
4.1288872E7	1.0
4.1422012E7	1.0
4.1447986E7	1.0
4.1510882E7	1.0
4.155632E7	1.0
4.166367E7	1.0
4.1673966E7	1.0
4.175529E7	1.0
4.176856E7	1.0
4.1833156E7	1.0
4.1900804E7	1.0
4.203668E7	1.0
4.2038476E7	1.0
4.2107976E7	1.0
4.248063E7	1.0
4.249903E7	1.0
4.2534456E7	1.0
4.2731408E7	1.0
4.2857956E7	1.0
4.2955762E7	1.0
4.308379E7	1.0
4.311077E7	1.0
4.31901E7	1.0
4.3276116E7	1.0
4.3315972E7	1.0
4.3404192E7	1.0
4.3446856E7	1.0
4.3484692E7	1.0
4.3510342E7	1.0
4.3640864E7	1.0
4.3740028E7	1.0
4.3848614E7	1.0
4.388764E7	1.0
4.4101506E7	1.0
4.4109312E7	1.0
4.417216E7	1.0
4.430708E7	1.0
4.436378E7	1.0
4.4395734E7	1.0
4.4437168E7	1.0
4.4441726E7	1.0
4.4452362E7	1.0
4.4591222E7	1.0
4.4599506E7	1.0
4.4653818E7	1.0
4.479468E7	1.0
4.4842084E7	1.0
4.484385E7	1.0
4.4902062E7	1.0
4.506666E7	1.0
4.5228344E7	1.0
4.5519858E7	1.0
4.556839E7	1.0
4.5678964E7	1.0
4.5749906E7	1.0
4.586145E7	1.0
4.6041846E7	1.0
4.6277512E7	1.0
4.636911E7	1.0
4.6439124E7	1.0
4.6482826E7	1.0
4.6505708E7	1.0
4.6631798E7	1.0
4.6681434E7	1.0
4.6791572E7	1.0
4.6822782E7	1.0
4.6918564E7	1.0
4.7035862E7	1.0
4.7039572E7	1.0
4.7185384E7	1.0
4.736888E7	1.0
4.7386772E7	1.0
4.743487E7	1.0
4.7464864E7	1.0
4.7521598E7	1.0
4.7540872E7	1.0
4.754361E7	1.0
4.7564766E7	1.0
4.7639588E7	1.0
4.7716586E7	1.0
4.774085E7	1.0
4.7883432E7	1.0
4.7930546E7	1.0
4.793081E7	1.0
4.7938228E7	1.0
4.794787E7	1.0
4.8144776E7	1.0
4.8148984E7	1.0
4.8205986E7	1.0
4.8273468E7	1.0
4.8275554E7	1.0
4.8332012E7	1.0
4.8617952E7	1.0
4.8709692E7	1.0
4.8962006E7	1.0
4.9013968E7	1.0
4.9036058E7	1.0
4.9142644E7	1.0
4.923311E7	1.0
4.9241606E7	1.0
4.9335124E7	1.0
4.9336506E7	1.0
4.939512E7	1.0
4.9496162E7	1.0
4.9833574E7	1.0
5.0316034E7	1.0
5.0414866E7	1.0
5.0475188E7	1.0
5.0543424E7	1.0
5.0572574E7	1.0
5.0587696E7	1.0
5.070559E7	1.0
5.0806924E7	1.0
5.09213E7	1.0
5.0965752E7	1.0
5.107524E7	1.0
5.1083418E7	1.0
5.108645E7	1.0
5.1206088E7	1.0
5.1228658E7	1.0
5.1248004E7	1.0
5.136948E7	1.0
5.147521E7	1.0
5.1525496E7	1.0
5.1545602E7	1.0
5.154877E7	1.0
5.1580698E7	1.0
5.1710974E7	1.0
5.185586E7	1.0
5.1899388E7	1.0
5.2054782E7	1.0
5.2293174E7	1.0
5.2382928E7	1.0
5.2645004E7	1.0
5.264851E7	1.0
5.27925E7	1.0
5.283343E7	1.0
5.3046558E7	1.0
5.307115E7	1.0
5.3096838E7	1.0
5.3131798E7	1.0
5.3138216E7	1.0
5.3185946E7	1.0
5.3291928E7	1.0
5.3422852E7	1.0
5.3423406E7	1.0
5.3627432E7	1.0
5.3673708E7	1.0
5.3718046E7	1.0
5.4088994E7	1.0
5.4098546E7	1.0
5.4297394E7	1.0
5.44047E7	1.0
5.4406398E7	1.0
5.4459726E7	1.0
5.4478106E7	1.0
5.4665374E7	1.0
5.4686404E7	1.0
5.469675E7	1.0
5.4746064E7	1.0
5.4754692E7	1.0
5.4783536E7	1.0
5.4837752E7	1.0
5.4855086E7	1.0
5.5033844E7	1.0
5.511073E7	1.0
5.5200918E7	1.0
5.539403E7	1.0
5.5416966E7	1.0
5.5418858E7	1.0
5.5541568E7	1.0
5.5614778E7	1.0
5.5639388E7	1.0
5.5936688E7	1.0
5.6015742E7	1.0
5.6268722E7	1.0
5.6502848E7	1.0
5.6658956E7	1.0
5.6701444E7	1.0
5.7143232E7	1.0
5.7252228E7	1.0
5.7341068E7	1.0
5.7422196E7	1.0
5.7492412E7	1.0
5.7741514E7	1.0
5.783494E7	1.0
5.795333E7	1.0
5.81313E7	1.0
5.8160862E7	1.0
5.8214384E7	1.0
5.8270494E7	1.0
5.829042E7	1.0
5.8307738E7	1.0
5.8392406E7	1.0
5.8455066E7	1.0
5.8504714E7	1.0
5.8593824E7	1.0
5.8624112E7	1.0
5.8668028E7	1.0
5.8754904E7	1.0
5.899189E7	1.0
5.9127468E7	1.0
5.9129428E7	1.0
5.916516E7	1.0
5.9524402E7	1.0
5.9756208E7	1.0
5.9777334E7	1.0
5.9849736E7	1.0
5.9874362E7	1.0
5.9895132E7	1.0
6.018581E7	1.0
6.018845E7	1.0
6.033145E7	1.0
6.0443558E7	1.0
6.0481852E7	1.0
6.0506306E7	1.0
6.0641906E7	1.0
6.0698866E7	1.0
6.0817054E7	1.0
6.094837E7	1.0
6.1020538E7	1.0
6.1031042E7	1.0
6.1313102E7	1.0
6.1446156E7	1.0
6.1636218E7	1.0
6.1853012E7	1.0
6.1925348E7	1.0
6.1946502E7	1.0
6.19569E7	1.0
6.2010726E7	1.0
6.238523E7	1.0
6.2393896E7	1.0
6.240837E7	1.0
6.245519E7	1.0
6.2469742E7	1.0
6.255216E7	1.0
6.2791544E7	1.0
6.2830248E7	1.0
6.2884666E7	1.0
6.294462E7	1.0
6.3200652E7	1.0
6.3334324E7	1.0
6.3389446E7	1.0
6.3391438E7	1.0
6.3511334E7	1.0
6.357106E7	1.0
6.3610166E7	1.0
6.367339E7	1.0
6.3801366E7	1.0
6.3836914E7	1.0
6.4182858E7	1.0
6.4355998E7	1.0
6.4626808E7	1.0
6.4683834E7	1.0
6.4766146E7	1.0
6.4942678E7	1.0
6.5285416E7	1.0
6.5314682E7	1.0
6.5455546E7	1.0
6.5660308E7	1.0
6.5683938E7	1.0
6.5694256E7	1.0
6.5776284E7	1.0
6.5832258E7	1.0
6.6075892E7	1.0
6.6078632E7	1.0
6.6144444E7	1.0
6.6208978E7	1.0
6.624186E7	1.0
6.6276086E7	1.0
6.635621E7	1.0
6.6361874E7	1.0
6.6412988E7	1.0
6.6500134E7	1.0
6.6515764E7	1.0
6.6535048E7	1.0
6.661522E7	1.0
6.6889428E7	1.0
6.6894644E7	1.0
6.6907018E7	1.0
6.711168E7	1.0
6.7142306E7	1.0
6.7223666E7	1.0
6.7564148E7	1.0
6.7599622E7	1.0
6.7621048E7	1.0
6.797577E7	1.0
6.8213552E7	1.0
6.8352414E7	1.0
6.8531512E7	1.0
6.8596266E7	1.0
6.8665464E7	1.0
6.873109E7	1.0
6.8947814E7	1.0
6.9079672E7	1.0
6.9102852E7	1.0
6.9103344E7	1.0
6.9109834E7	1.0
6.9141388E7	1.0
6.9211648E7	1.0
6.9336148E7	1.0
6.9465536E7	1.0
6.9488834E7	1.0
6.9489274E7	1.0
6.9648662E7	1.0
6.9697776E7	1.0
6.9738216E7	1.0
6.9742688E7	1.0
6.986455E7	1.0
6.9886036E7	1.0
7.0029862E7	1.0
7.010878E7	1.0
7.0151428E7	1.0
7.017666E7	1.0
7.0204532E7	1.0
7.0279232E7	1.0
7.0314802E7	1.0
7.0332076E7	1.0
7.0467532E7	1.0
7.0484414E7	1.0
7.0521598E7	1.0
7.0561108E7	1.0
7.0580856E7	1.0
7.0670792E7	1.0
7.068594E7	1.0
7.072921E7	1.0
7.0778416E7	1.0
7.0790972E7	1.0
7.0865446E7	1.0
7.0960268E7	1.0
7.1073104E7	1.0
7.115938E7	1.0
7.1191126E7	1.0
7.1257118E7	1.0
7.1284098E7	1.0
7.1320518E7	1.0
7.1339676E7	1.0
7.1370834E7	1.0
7.1486058E7	1.0
7.1683378E7	1.0
7.1719088E7	1.0
7.1873868E7	1.0
7.2046394E7	1.0
7.2055522E7	1.0
7.2098496E7	1.0
7.2416858E7	1.0
7.24779E7	1.0
7.2495468E7	1.0
7.2587718E7	1.0
7.28573E7	1.0
7.2962384E7	1.0
7.302512E7	1.0
7.3236748E7	1.0
7.3312862E7	1.0
7.3314118E7	1.0
7.3321196E7	1.0
7.3616192E7	1.0
7.3693242E7	1.0
7.3697432E7	1.0
7.3727244E7	1.0
7.3924396E7	1.0
7.3996058E7	1.0
7.4069914E7	1.0
7.410357E7	1.0
7.4122766E7	1.0
7.4141778E7	1.0
7.4225076E7	1.0
7.434153E7	1.0
7.4369036E7	1.0
7.4533322E7	1.0
7.4540444E7	1.0
7.463897E7	1.0
7.4737776E7	1.0
7.4778584E7	1.0
7.4821542E7	1.0
7.501777E7	1.0
7.515366E7	1.0
7.5251576E7	1.0
7.5573276E7	1.0
7.5578046E7	1.0
7.5638824E7	1.0
7.5671844E7	1.0
7.5905628E7	1.0
7.5912456E7	1.0
7.5921488E7	1.0
7.609333E7	1.0
7.6214934E7	1.0
7.6251106E7	1.0
7.6292176E7	1.0
7.6372406E7	1.0
7.645994E7	1.0
7.6507914E7	1.0
7.6524896E7	1.0
7.6582622E7	1.0
7.659849E7	1.0
7.6749376E7	1.0
7.6826778E7	1.0
7.6828474E7	1.0
7.6834768E7	1.0
7.6973968E7	1.0
7.7100754E7	1.0
7.7140402E7	1.0
7.7194332E7	1.0
7.7452642E7	1.0
7.7479616E7	1.0
7.7513672E7	1.0
7.7561882E7	1.0
7.779757E7	1.0
7.7921978E7	1.0
7.792952E7	1.0
7.7941526E7	1.0
7.8099334E7	1.0
7.8111738E7	1.0
7.8142562E7	1.0
7.8220006E7	1.0
7.8297162E7	1.0
7.835164E7	1.0
7.842176E7	1.0
7.8485248E7	1.0
7.8533356E7	1.0
7.8553816E7	1.0
7.8892588E7	1.0
7.909067E7	1.0
7.9339166E7	1.0
7.953131E7	1.0
7.966041E7	1.0
7.9843214E7	1.0
7.9880362E7	1.0
8.0004234E7	1.0
8.0033228E7	1.0
8.0120746E7	1.0
8.0438116E7	1.0
8.0517848E7	1.0
8.0613042E7	1.0
8.062494E7	1.0
8.0686826E7	1.0
8.094682E7	1.0
8.1219314E7	1.0
8.1403408E7	1.0
8.1619546E7	1.0
8.1793318E7	1.0
8.2185438E7	1.0
8.2662544E7	1.0
8.2699622E7	1.0
8.2782642E7	1.0
8.281059E7	1.0
8.2814896E7	1.0
8.285015E7	1.0
8.2996558E7	1.0
8.3084494E7	1.0
8.3436912E7	1.0
8.3660618E7	1.0
8.3864878E7	1.0
8.396063E7	1.0
8.3980328E7	1.0
8.4204534E7	1.0
8.42798E7	1.0
8.4292488E7	1.0
8.4326934E7	1.0
8.4344256E7	1.0
8.4358354E7	1.0
8.44433E7	1.0
8.4693286E7	1.0
8.4704722E7	1.0
8.4859524E7	1.0
8.4932416E7	1.0
8.495044E7	1.0
8.5089216E7	1.0
8.5254352E7	1.0
8.5334948E7	1.0
8.5463372E7	1.0
8.5583064E7	1.0
8.6009948E7	1.0
8.6328784E7	1.0
8.6389192E7	1.0
8.6460314E7	1.0
8.6730186E7	1.0
8.676844E7	1.0
8.6775956E7	1.0
8.6867326E7	1.0
8.6961568E7	1.0
8.7318058E7	1.0
8.7411602E7	1.0
8.745825E7	1.0
8.7601062E7	1.0
8.805314E7	1.0
8.808312E7	1.0
8.828579E7	1.0
8.8392374E7	1.0
8.8492062E7	1.0
8.878897E7	1.0
8.9177114E7	1.0
8.9307742E7	1.0
8.9539856E7	1.0
8.9680192E7	1.0
9.0056464E7	1.0
9.0308988E7	1.0
9.0432756E7	1.0
9.0467516E7	1.0
9.0911348E7	1.0
9.1279722E7	1.0
9.1388712E7	1.0
9.15114E7	1.0
9.1598922E7	1.0
9.1632498E7	1.0
9.1713858E7	1.0
9.1918222E7	1.0
9.1983636E7	1.0
9.208747E7	1.0
9.2320312E7	1.0
9.269672E7	1.0
9.3073872E7	1.0
9.3278872E7	1.0
9.3447872E7	1.0
9.3796648E7	1.0
9.4552452E7	1.0
9.4700162E7	1.0
9.4901708E7	1.0
9.4929558E7	1.0
9.4987556E7	1.0
9.5278954E7	1.0
9.5352836E7	1.0
9.5469256E7	1.0
9.5488834E7	1.0
9.5513816E7	1.0
9.5777122E7	1.0
9.585762E7	1.0
9.610689E7	1.0
9.6194738E7	1.0
9.6478102E7	1.0
9.649007E7	1.0
9.6557254E7	1.0
9.6690568E7	1.0
9.6737416E7	1.0
9.684967E7	1.0
9.6899462E7	1.0
9.6991206E7	1.0
9.7038962E7	1.0
9.7066924E7	1.0
9.7239838E7	1.0
9.733722E7	1.0
9.744129E7	1.0
9.7447522E7	1.0
9.7452386E7	1.0
9.7594922E7	1.0
9.7600584E7	1.0
9.7653734E7	1.0
9.77492E7	1.0
9.7815648E7	1.0
9.8116412E7	1.0
9.8500716E7	1.0
9.8785772E7	1.0
9.881119E7	1.0
9.8913914E7	1.0
9.9320664E7	1.0
9.9611914E7	1.0
9.96373E7	1.0
9.9692456E7	1.0
9.9985724E7	1.0
1.0001555E8	1.0
1.00394072E8	1.0
1.00619452E8	1.0
1.00879894E8	1.0
1.01140592E8	1.0
1.01718746E8	1.0
1.02098434E8	1.0
1.02460996E8	1.0
1.0285412E8	1.0
1.03202742E8	1.0
1.03542902E8	1.0
1.03907936E8	1.0
1.04759662E8	1.0
1.04908468E8	1.0
1.05450956E8	1.0
1.05465146E8	1.0
1.05617238E8	1.0
1.05658114E8	1.0
1.05678524E8	1.0
1.05750432E8	1.0
1.05831262E8	1.0
1.06091396E8	1.0
1.0649281E8	1.0
1.0669104E8	1.0
1.06838022E8	1.0
1.0707006E8	1.0
1.07147984E8	1.0
1.07724372E8	1.0
1.07892564E8	1.0
1.08531634E8	1.0
1.08815004E8	1.0
1.08979974E8	1.0
1.09046618E8	1.0
1.09766992E8	1.0
1.09820658E8	1.0
1.09871664E8	1.0
1.0989707E8	1.0
1.1001689E8	1.0
1.1065057E8	1.0
1.11578926E8	1.0
1.11863352E8	1.0
1.12274416E8	1.0
1.12325874E8	1.0
1.12588206E8	1.0
1.12819552E8	1.0
1.12916066E8	1.0
1.1303029E8	1.0
1.13033002E8	1.0
1.13790944E8	1.0
1.13880524E8	1.0
1.14409406E8	1.0
1.1460466E8	1.0
1.14926548E8	1.0
1.15047404E8	1.0
1.1509482E8	1.0
1.15396512E8	1.0
1.15647854E8	1.0
1.17283876E8	1.0
1.175717E8	1.0
1.17751002E8	1.0
1.18319128E8	1.0
1.1937717E8	1.0
1.19932298E8	1.0
1.20164566E8	1.0
1.20370692E8	1.0
1.20570028E8	1.0
1.20767984E8	1.0
1.20833036E8	1.0
1.21002852E8	1.0
1.21400834E8	1.0
1.21483504E8	1.0
1.23238942E8	1.0
1.23413878E8	1.0
1.23472688E8	1.0
1.23763106E8	1.0
1.24115566E8	1.0
1.24304812E8	1.0
1.2433015E8	1.0
1.24332234E8	1.0
1.24394296E8	1.0
1.24444914E8	1.0
1.24517142E8	1.0
1.24546834E8	1.0
1.2473958E8	1.0
1.26776316E8	1.0
1.27152026E8	1.0
1.27446342E8	1.0
1.27942012E8	1.0
1.27971896E8	1.0
1.28171108E8	1.0
1.28283838E8	1.0
1.28434958E8	1.0
1.2898744E8	1.0
1.29075788E8	1.0
1.2929595E8	1.0
1.2941376E8	1.0
1.30240674E8	1.0
1.30335474E8	1.0
1.30549628E8	1.0
1.32373146E8	1.0
1.33126246E8	1.0
1.33719614E8	1.0
1.3377511E8	1.0
1.34089718E8	1.0
1.35256144E8	1.0
1.35650556E8	1.0
1.3645932E8	1.0
1.37107322E8	1.0
1.37209548E8	1.0
1.37283992E8	1.0
1.380792E8	1.0
1.38242524E8	1.0
1.38338252E8	1.0
1.38689892E8	1.0
1.38843286E8	1.0
1.3983376E8	1.0
1.39849082E8	1.0
1.40061232E8	1.0
1.40203454E8	1.0
1.40557966E8	1.0
1.42969548E8	1.0
1.43474232E8	1.0
1.43979804E8	1.0
1.45647146E8	1.0
1.45750182E8	1.0
1.45960246E8	1.0
1.46504558E8	1.0
1.46542506E8	1.0
1.46896568E8	1.0
1.47099282E8	1.0
1.4725093E8	1.0
1.47605472E8	1.0
1.47706528E8	1.0
1.47846878E8	1.0
1.47960086E8	1.0
1.48097742E8	1.0
1.48314876E8	1.0
1.48461586E8	1.0
1.48669682E8	1.0
1.48751908E8	1.0
1.4883001E8	1.0
1.48999486E8	1.0
1.49252924E8	1.0
1.49321828E8	1.0
1.4940958E8	1.0
1.50616824E8	1.0
1.50675548E8	1.0
1.50910136E8	1.0
1.50980102E8	1.0
1.50983246E8	1.0
1.51001464E8	1.0
1.51020568E8	1.0
1.51050088E8	1.0
1.51125506E8	1.0
1.51201224E8	1.0
1.51274052E8	1.0
1.51282926E8	1.0
1.51400408E8	1.0
1.5141389E8	1.0
1.51556282E8	1.0
1.51557734E8	1.0
1.51567436E8	1.0
1.51738846E8	1.0
1.51840982E8	1.0
1.51845678E8	1.0
1.51853684E8	1.0
1.51921938E8	1.0
1.52058428E8	1.0
1.52342366E8	1.0
1.53322604E8	1.0
1.53451676E8	1.0
1.53729008E8	1.0
1.53914524E8	1.0
1.54406384E8	1.0
1.54446846E8	1.0
1.54578676E8	1.0
1.5471629E8	1.0
1.55547462E8	1.0
1.55888872E8	1.0
1.57233132E8	1.0
1.57369372E8	1.0
1.57474942E8	1.0
1.5764555E8	1.0
1.57717364E8	1.0
1.57807222E8	1.0
1.57973986E8	1.0
1.58106358E8	1.0
1.5823172E8	1.0
1.5840549E8	1.0
1.58466622E8	1.0
1.58490242E8	1.0
1.58764452E8	1.0
1.59358466E8	1.0
1.5948246E8	1.0
1.59643156E8	1.0
1.60013464E8	1.0
1.60776664E8	1.0
1.60838266E8	1.0
1.6157895E8	1.0
1.6211667E8	1.0
1.62166716E8	1.0
1.62473068E8	1.0
1.62502236E8	1.0
1.62699304E8	1.0
1.6277769E8	1.0
1.62779456E8	1.0
1.6297505E8	1.0
1.63088994E8	1.0
1.63252272E8	1.0
1.63356712E8	1.0
1.63398836E8	1.0
1.63530282E8	1.0
1.63709146E8	1.0
1.63786644E8	1.0
1.63811504E8	1.0
1.64021852E8	1.0
1.64108758E8	1.0
1.64283554E8	1.0
1.64334778E8	1.0
1.644152E8	1.0
1.6461244E8	1.0
1.64629578E8	1.0
1.6464898E8	1.0
1.64737374E8	1.0
1.64882782E8	1.0
1.65037336E8	1.0
1.65689504E8	1.0
1.65731922E8	1.0
1.65786328E8	1.0
1.65847102E8	1.0
1.66214984E8	1.0
1.66849362E8	1.0
1.68087088E8	1.0
1.68409682E8	1.0
1.690377E8	1.0
1.69210696E8	1.0
1.69276156E8	1.0
1.69514792E8	1.0
1.69753976E8	1.0
1.69921758E8	1.0
1.70009436E8	1.0
1.70236764E8	1.0
1.70340986E8	1.0
1.70552722E8	1.0
1.7067254E8	1.0
1.71007578E8	1.0
1.7112193E8	1.0
1.71342652E8	1.0
1.71677762E8	1.0
1.71803122E8	1.0
1.72012872E8	1.0
1.72254484E8	1.0
1.72348146E8	1.0
1.72683416E8	1.0
1.72899052E8	1.0
1.7301925E8	1.0
1.73258924E8	1.0
1.73355096E8	1.0
1.73618884E8	1.0
1.73691174E8	1.0
1.74027256E8	1.0
1.74356066E8	1.0
1.74710648E8	1.0
1.75065226E8	1.0
1.754198E8	1.0
1.7577437E8	1.0
1.75866184E8	1.0
1.76129088E8	1.0
1.77330382E8	1.0
1.77357024E8	1.0
1.776636E8	1.0
1.78834606E8	1.0
1.79182796E8	1.0
1.79197426E8	1.0
1.80459752E8	1.0
1.80526574E8	1.0
1.8060455E8	1.0
1.80686498E8	1.0
1.81212102E8	1.0
1.81953034E8	1.0
1.83044946E8	1.0
1.86094848E8	1.0
1.86183854E8	1.0
1.88490136E8	1.0
1.89663804E8	1.0
1.89911612E8	1.0
1.90324508E8	1.0
1.90992082E8	1.0
1.9099342E8	1.0
1.9139213E8	1.0
1.94657914E8	1.0
1.95157404E8	1.0
1.96046548E8	1.0
1.96368698E8	1.0
1.96602338E8	1.0
1.96969356E8	1.0
1.97828304E8	1.0
1.98943164E8	1.0
2.0008767E8	1.0
2.00456742E8	1.0
2.00825938E8	1.0
2.01133238E8	1.0
2.0543071E8	1.0
2.05695204E8	1.0
2.05795176E8	1.0
2.05831768E8	1.0
2.06099418E8	1.0
2.06163692E8	1.0
2.07429518E8	1.0
2.08644628E8	1.0
2.11871184E8	1.0
2.12232214E8	1.0
2.13414392E8	1.0
2.17159254E8	1.0
2.17875502E8	1.0
2.18115874E8	1.0
2.18962108E8	1.0
2.19367568E8	1.0
2.19717442E8	1.0
2.20067696E8	1.0
2.20417954E8	1.0
2.20768228E8	1.0
2.21118822E8	1.0
2.21469412E8	1.0
2.21476706E8	1.0
2.21819998E8	1.0
2.21885786E8	1.0
2.22260202E8	1.0
2.22709404E8	1.0
2.24183592E8	1.0
2.24641366E8	1.0
2.27035428E8	1.0
2.27833356E8	1.0
2.28239442E8	1.0
2.29145746E8	1.0
2.2942627E8	1.0
2.2970727E8	1.0
2.2999425E8	1.0
2.30204252E8	1.0
2.30281246E8	1.0
2.30829642E8	1.0
2.32549006E8	1.0
2.3308227E8	1.0
2.33730668E8	1.0
2.33958412E8	1.0
2.34122636E8	1.0
2.34287148E8	1.0
2.34434364E8	1.0
2.36249732E8	1.0
2.3635958E8	1.0
2.36682978E8	1.0
2.37006544E8	1.0
2.37311062E8	1.0
2.38280498E8	1.0
2.39276644E8	1.0
2.40770414E8	1.0
2.40963052E8	1.0
2.41101406E8	1.0
2.41363218E8	1.0
2.49727788E8	1.0
2.53391934E8	1.0
2.5604566E8	1.0
2.56423024E8	1.0
2.56800572E8	1.0
2.61255938E8	1.0
2.61953488E8	1.0
2.65970506E8	1.0
2.71842158E8	1.0
2.74486682E8	1.0
2.74772296E8	1.0
2.74899828E8	1.0
2.75058066E8	1.0
2.83567588E8	1.0
2.84471392E8	1.0
2.84684094E8	1.0
2.8511718E8	1.0
2.85756684E8	1.0
2.8588726E8	1.0
2.86021112E8	1.0
2.86159324E8	1.0
2.86208892E8	1.0
2.86333404E8	1.0
2.8651544E8	1.0
2.86699516E8	1.0
2.86888008E8	1.0
2.8689618E8	1.0
2.89163846E8	1.0
2.89407628E8	1.0
2.89449116E8	1.0
2.89653914E8	1.0
2.8973501E8	1.0
2.89901124E8	1.0
2.90158334E8	1.0
2.90800098E8	1.0
2.91057172E8	1.0
2.9122505E8	1.0
2.91324438E8	1.0
2.9160384E8	1.0
2.91884098E8	1.0
2.9212561E8	1.0
3.03050614E8	1.0
3.0551459E8	1.0
3.05887874E8	1.0
3.0659175E8	1.0
3.06932336E8	1.0
3.09414704E8	1.0
3.11931256E8	1.0
3.13661604E8	1.0
3.20164248E8	1.0
3.27976412E8	1.0
3.28512216E8	1.0
3.29252756E8	1.0
3.2933009E8	1.0
3.31118102E8	1.0
3.31858348E8	1.0
3.32215318E8	1.0
3.32903314E8	1.0
3.33354706E8	1.0
3.33727796E8	1.0
3.34058126E8	1.0
3.34104596E8	1.0
3.3433443E8	1.0
3.36796826E8	1.0
3.37056306E8	1.0
3.37318038E8	1.0
3.37581778E8	1.0
3.37849214E8	1.0
3.38046492E8	1.0
3.3806152E8	1.0
3.38556622E8	1.0
3.39310732E8	1.0
3.39893206E8	1.0
3.43542254E8	1.0
3.4384081E8	1.0
3.44626784E8	1.0
3.48724194E8	1.0
3.49215158E8	1.0
3.49926754E8	1.0
3.50560916E8	1.0
3.50674588E8	1.0
3.53708596E8	1.0
3.57313424E8	1.0
3.62749636E8	1.0
3.63338706E8	1.0
3.63527388E8	1.0
3.68721442E8	1.0
3.72301666E8	1.0
3.80218306E8	1.0
3.8719021E8	1.0
3.87347868E8	1.0
3.8750569E8	1.0
3.87663528E8	1.0
3.88146642E8	1.0
3.9998719E8	1.0
4.0014576E8	1.0
4.00218044E8	1.0
4.00451678E8	1.0
4.00685596E8	1.0
4.0092419E8	1.0
4.10067892E8	1.0
4.18966726E8	1.0
4.19209346E8	1.0
4.19309242E8	1.0
4.40043576E8	1.0
4.4403195E8	1.0
4.66308226E8	1.0
4.67155174E8	1.0
4.75018412E8	1.0
4.75395592E8	1.0
4.76219694E8	1.0
4.7672275E8	1.0
4.78642798E8	1.0
4.78895276E8	1.0
4.82552982E8	1.0
4.86243354E8	1.0
4.86318108E8	1.0
4.93481382E8	1.0
4.93511004E8	1.0
4.93570224E8	1.0
5.05457868E8	1.0
5.05487822E8	1.0
5.05526272E8	1.0
5.05567446E8	1.0
5.05610316E8	1.0
5.05655198E8	1.0
5.0575132E8	1.0
5.06523118E8	1.0
5.06874302E8	1.0
5.10821656E8	1.0
5.11144334E8	1.0
5.11495398E8	1.0
5.17023544E8	1.0
5.24245894E8	1.0
5.24401752E8	1.0
5.27525058E8	1.0
5.29466252E8	1.0
5.2961628E8	1.0
5.32595934E8	1.0
5.3948917E8	1.0
5.39896288E8	1.0
6.20715662E8	1.0
6.27044726E8	1.0
6.27459884E8	1.0
6.40903628E8	1.0
6.41978122E8	1.0
7.10636832E8	1.0
7.10706158E8	1.0
7.12042142E8	1.0
7.1814819E8	1.0
7.1849375E8	1.0
7.18859818E8	1.0
7.19225914E8	1.0
7.19592014E8	1.0
7.19958182E8	1.0
7.20324406E8	1.0
7.20690634E8	1.0
7.2105795E8	1.0
7.22501158E8	1.0
7.2321195E8	1.0
7.35837776E8	1.0
7.36209888E8	1.0
7.36547876E8	1.0
7.58829106E8	1.0
7.59199234E8	1.0
7.5956937E8	1.0
7.59931632E8	1.0
7.60271036E8	1.0
7.60640824E8	1.0
8.1996789E8	1.0
9.07435424E8	1.0
1.064636974E9	1.0
1.073348018E9	1.0
1.17032111E9	1.0
1.170585888E9	1.0
1.1709378E9	1.0
1.188030138E9	1.0
1.188393934E9	1.0
1.18874681E9	1.0
1.189099726E9	1.0
1.243128038E9	1.0
1.288119442E9	1.0
1.296276688E9	1.0
1.296580658E9	1.0
1.296884628E9	1.0
1.297192656E9	1.0
1.297502142E9	1.0
1.297811704E9	1.0
1.33966646E9	1.0
1.378046186E9	1.0
1.403070176E9	1.0
1.403427168E9	1.0
1.403784804E9	1.0
1.404142556E9	1.0
1.404500384E9	1.0
1.4048589E9	1.0
1.40521764E9	1.0
1.405577756E9	1.0
1.405937912E9	1.0
1.406298196E9	1.0
1.406658492E9	1.0
1.785346114E9	1.0
1.785384796E9	1.0
1.786256142E9	1.0
1.788972716E9	1.0
1.803482826E9	1.0
1.80360375E9	1.0
1.804775648E9	1.0
