bin	count
-2.007368266E9	1.0
-2.007164486E9	1.0
-2.006959802E9	1.0
-1.994199636E9	1.0
-1.33004487E9	1.0
-1.329731538E9	1.0
-1.233018574E9	1.0
-1.232638296E9	1.0
-1.23244668E9	1.0
-1.232063246E9	1.0
-1.23205546E9	1.0
-1.231664838E9	1.0
-1.230503488E9	1.0
-1.230355028E9	1.0
-1.230069276E9	1.0
-1.210616086E9	1.0
-9.15694854E8	1.0
-8.61604192E8	1.0
-7.27921476E8	1.0
-7.2772282E8	1.0
-7.2751868E8	1.0
0.0	86.0
2.0	3.0
4.0	5.0
6.0	4.0
14.0	3.0
22.0	1.0
24.0	1.0
32.0	1.0
36.0	1.0
38.0	1.0
58.0	2.0
64.0	1.0
70.0	1.0
74.0	1.0
80.0	1.0
82.0	1.0
90.0	1.0
100.0	1.0
116.0	1.0
130.0	2.0
138.0	1.0
144.0	1.0
162.0	1.0
182.0	1.0
184.0	1.0
194.0	1.0
230.0	1.0
254.0	1.0
288.0	1.0
340.0	1.0
400.0	1.0
408.0	1.0
470.0	1.0
478.0	1.0
532.0	1.0
560.0	1.0
564.0	1.0
582.0	1.0
614.0	1.0
620.0	1.0
680.0	1.0
706.0	1.0
760.0	2.0
770.0	1.0
854.0	1.0
884.0	1.0
902.0	1.0
926.0	2.0
1024.0	1.0
1030.0	1.0
1034.0	1.0
1112.0	1.0
1210.0	1.0
1376.0	1.0
1444.0	1.0
1576.0	1.0
1654.0	1.0
1726.0	1.0
1830.0	1.0
1840.0	1.0
1974.0	1.0
1984.0	1.0
1990.0	1.0
2070.0	1.0
2090.0	1.0
2174.0	1.0
2208.0	1.0
2218.0	1.0
2272.0	1.0
2340.0	1.0
2532.0	1.0
2540.0	1.0
2640.0	1.0
2674.0	1.0
2694.0	1.0
2866.0	1.0
2956.0	1.0
3098.0	1.0
3204.0	1.0
3240.0	1.0
3316.0	1.0
3320.0	1.0
3406.0	1.0
3458.0	1.0
3624.0	1.0
3668.0	1.0
3868.0	1.0
4236.0	1.0
4284.0	1.0
4294.0	1.0
4308.0	1.0
4314.0	1.0
4416.0	1.0
4584.0	1.0
4698.0	1.0
4720.0	1.0
4752.0	1.0
4944.0	1.0
5098.0	1.0
5136.0	1.0
5150.0	1.0
5194.0	1.0
5218.0	1.0
5622.0	1.0
5840.0	1.0
6008.0	1.0
6050.0	1.0
6078.0	1.0
6152.0	1.0
6490.0	1.0
6550.0	1.0
6552.0	1.0
6674.0	1.0
6756.0	1.0
6786.0	1.0
6840.0	1.0
7074.0	1.0
7424.0	1.0
7472.0	1.0
7560.0	1.0
8012.0	1.0
8082.0	1.0
8116.0	1.0
8252.0	1.0
8480.0	1.0
8590.0	1.0
8850.0	1.0
9142.0	1.0
9410.0	1.0
9548.0	1.0
10264.0	1.0
10288.0	1.0
10720.0	1.0
10960.0	1.0
11002.0	1.0
11064.0	1.0
12026.0	1.0
12238.0	1.0
12416.0	1.0
12544.0	1.0
12576.0	1.0
12990.0	1.0
13156.0	1.0
13338.0	1.0
13346.0	1.0
13604.0	1.0
13682.0	1.0
13814.0	1.0
14078.0	1.0
14188.0	1.0
14358.0	1.0
14536.0	1.0
15036.0	1.0
15320.0	1.0
15348.0	1.0
15976.0	1.0
16156.0	1.0
16818.0	1.0
16920.0	1.0
17084.0	1.0
17208.0	1.0
17294.0	1.0
18432.0	1.0
18798.0	1.0
19204.0	1.0
19824.0	1.0
19920.0	1.0
20096.0	1.0
20118.0	1.0
20158.0	1.0
20850.0	1.0
21586.0	1.0
21948.0	1.0
21958.0	1.0
23012.0	1.0
23568.0	1.0
23898.0	1.0
24346.0	1.0
24660.0	1.0
24664.0	1.0
25364.0	1.0
25470.0	1.0
25526.0	1.0
25688.0	1.0
25882.0	1.0
25996.0	1.0
27182.0	1.0
27610.0	1.0
27688.0	1.0
28088.0	1.0
28136.0	1.0
28532.0	1.0
29346.0	1.0
29948.0	1.0
30354.0	1.0
31900.0	1.0
32010.0	1.0
32076.0	1.0
32198.0	1.0
32318.0	1.0
33008.0	1.0
33438.0	1.0
33636.0	1.0
35746.0	1.0
35908.0	1.0
36178.0	1.0
36372.0	1.0
36736.0	1.0
37232.0	1.0
37234.0	1.0
37346.0	1.0
37526.0	1.0
37630.0	1.0
37678.0	1.0
37832.0	1.0
38194.0	1.0
38692.0	1.0
40812.0	1.0
41634.0	1.0
42284.0	1.0
42816.0	1.0
42840.0	1.0
43474.0	1.0
43736.0	1.0
43894.0	1.0
43990.0	1.0
44744.0	1.0
44976.0	1.0
45046.0	1.0
45392.0	1.0
45628.0	1.0
46322.0	1.0
47044.0	1.0
47072.0	1.0
47674.0	1.0
48122.0	1.0
48676.0	1.0
49892.0	1.0
50208.0	1.0
51072.0	1.0
51132.0	1.0
51426.0	1.0
51628.0	1.0
52032.0	1.0
52090.0	1.0
52998.0	1.0
53088.0	1.0
54666.0	1.0
55408.0	1.0
56450.0	1.0
57054.0	1.0
58202.0	1.0
58342.0	1.0
58544.0	1.0
58642.0	1.0
60294.0	1.0
61072.0	1.0
61290.0	1.0
62394.0	1.0
62396.0	1.0
62682.0	1.0
63236.0	1.0
64056.0	1.0
64074.0	1.0
65004.0	1.0
66206.0	1.0
66938.0	1.0
67382.0	1.0
70372.0	1.0
70384.0	1.0
72178.0	1.0
72744.0	1.0
73128.0	1.0
73796.0	1.0
74796.0	1.0
75486.0	1.0
75772.0	1.0
75776.0	1.0
76670.0	1.0
77150.0	1.0
77190.0	1.0
77300.0	1.0
78762.0	1.0
78970.0	1.0
79290.0	1.0
79502.0	1.0
80984.0	1.0
82396.0	1.0
82840.0	1.0
84126.0	1.0
85344.0	1.0
85492.0	1.0
85738.0	1.0
86344.0	1.0
86480.0	1.0
86556.0	1.0
88208.0	1.0
88224.0	1.0
89018.0	1.0
89684.0	1.0
90184.0	1.0
90542.0	1.0
91542.0	1.0
91586.0	1.0
92382.0	1.0
92920.0	1.0
95034.0	1.0
95248.0	1.0
96214.0	1.0
96374.0	1.0
96526.0	1.0
98468.0	1.0
98840.0	1.0
101820.0	1.0
101928.0	1.0
102310.0	1.0
102512.0	1.0
105530.0	1.0
105592.0	1.0
106082.0	1.0
108576.0	1.0
108720.0	1.0
109696.0	1.0
110404.0	1.0
111106.0	1.0
112744.0	1.0
113396.0	1.0
113780.0	1.0
115500.0	1.0
116214.0	1.0
116252.0	1.0
116640.0	1.0
117850.0	1.0
117866.0	1.0
119242.0	1.0
120930.0	1.0
121066.0	1.0
121738.0	1.0
122550.0	1.0
123820.0	1.0
124586.0	1.0
125134.0	1.0
129854.0	1.0
131064.0	1.0
131266.0	1.0
133978.0	1.0
134344.0	1.0
135760.0	1.0
135902.0	1.0
137450.0	1.0
142542.0	1.0
142556.0	1.0
143986.0	1.0
145412.0	1.0
147788.0	1.0
148098.0	1.0
150398.0	1.0
151214.0	1.0
155304.0	1.0
157794.0	1.0
158180.0	1.0
164672.0	1.0
165166.0	1.0
165456.0	1.0
167456.0	1.0
167538.0	1.0
169892.0	1.0
172496.0	1.0
172762.0	1.0
172880.0	1.0
175388.0	1.0
177544.0	1.0
178754.0	1.0
180908.0	1.0
181058.0	1.0
181518.0	1.0
181788.0	1.0
182804.0	1.0
182872.0	1.0
182922.0	1.0
183776.0	1.0
185834.0	1.0
187184.0	1.0
188458.0	1.0
189748.0	1.0
189750.0	1.0
190582.0	1.0
191308.0	1.0
192270.0	1.0
193616.0	1.0
196302.0	1.0
204944.0	1.0
205004.0	1.0
205532.0	1.0
206740.0	1.0
206878.0	1.0
207196.0	1.0
208114.0	1.0
209436.0	1.0
210412.0	1.0
213948.0	1.0
217802.0	1.0
220430.0	1.0
220526.0	1.0
221178.0	1.0
223436.0	1.0
226192.0	1.0
227766.0	1.0
229740.0	1.0
233278.0	1.0
235328.0	1.0
236296.0	1.0
237496.0	1.0
237772.0	1.0
237956.0	1.0
238518.0	1.0
240820.0	1.0
241746.0	1.0
245296.0	1.0
245324.0	1.0
248050.0	1.0
248134.0	1.0
248700.0	1.0
249054.0	1.0
249604.0	1.0
250336.0	1.0
253094.0	1.0
256212.0	1.0
258566.0	1.0
261436.0	1.0
261474.0	2.0
261774.0	1.0
264112.0	1.0
265034.0	1.0
266254.0	1.0
266634.0	1.0
266688.0	1.0
268058.0	1.0
269704.0	1.0
271470.0	1.0
272856.0	1.0
273372.0	1.0
276874.0	1.0
278312.0	1.0
279076.0	1.0
280566.0	1.0
280858.0	1.0
283084.0	1.0
283982.0	1.0
286440.0	1.0
287144.0	1.0
287422.0	1.0
289604.0	1.0
289664.0	1.0
291482.0	1.0
299456.0	1.0
307326.0	1.0
307510.0	1.0
309322.0	1.0
309862.0	1.0
310916.0	1.0
311056.0	1.0
311492.0	1.0
313698.0	1.0
314604.0	1.0
315720.0	1.0
317940.0	1.0
319670.0	1.0
320374.0	1.0
320422.0	1.0
320660.0	1.0
321336.0	1.0
321674.0	1.0
321990.0	1.0
322016.0	1.0
322516.0	1.0
323882.0	1.0
324494.0	1.0
324718.0	1.0
324782.0	1.0
324892.0	1.0
327476.0	1.0
328202.0	1.0
328288.0	1.0
328832.0	1.0
328876.0	1.0
329824.0	1.0
332578.0	1.0
332886.0	1.0
333250.0	1.0
339684.0	1.0
339752.0	1.0
340162.0	1.0
340548.0	1.0
341996.0	1.0
342026.0	1.0
342162.0	1.0
343352.0	1.0
345326.0	1.0
346526.0	1.0
348014.0	1.0
348132.0	1.0
348240.0	1.0
348260.0	1.0
348582.0	1.0
348690.0	1.0
349148.0	1.0
349914.0	1.0
352970.0	1.0
353036.0	1.0
353150.0	1.0
353228.0	1.0
354466.0	1.0
355224.0	1.0
356276.0	1.0
356374.0	1.0
356562.0	1.0
356846.0	1.0
357240.0	1.0
357878.0	1.0
358638.0	1.0
359816.0	1.0
359970.0	1.0
360282.0	1.0
363052.0	1.0
363266.0	1.0
363358.0	1.0
364210.0	1.0
365074.0	1.0
365382.0	1.0
365796.0	1.0
365946.0	1.0
366616.0	1.0
367588.0	1.0
368408.0	1.0
368910.0	1.0
369614.0	1.0
370080.0	1.0
372288.0	1.0
372400.0	1.0
372648.0	1.0
372700.0	1.0
372772.0	1.0
373264.0	1.0
373420.0	1.0
373650.0	1.0
374292.0	1.0
374424.0	1.0
375618.0	1.0
375934.0	1.0
375950.0	1.0
376210.0	2.0
376494.0	1.0
376866.0	1.0
376926.0	1.0
377060.0	1.0
377198.0	1.0
378048.0	1.0
378156.0	1.0
378178.0	1.0
378384.0	1.0
378684.0	1.0
378786.0	1.0
378804.0	1.0
379220.0	2.0
379278.0	1.0
379406.0	1.0
379440.0	1.0
379564.0	1.0
379616.0	1.0
379716.0	1.0
379868.0	1.0
379918.0	1.0
379938.0	1.0
379974.0	1.0
380138.0	1.0
380158.0	1.0
380190.0	1.0
380200.0	1.0
380218.0	1.0
380244.0	1.0
380262.0	1.0
380286.0	1.0
380290.0	1.0
380298.0	1.0
380312.0	1.0
380318.0	1.0
380322.0	1.0
380324.0	1.0
380326.0	1.0
380540.0	1.0
380630.0	1.0
380696.0	1.0
380934.0	1.0
381368.0	1.0
382100.0	1.0
383094.0	1.0
383324.0	1.0
383354.0	1.0
383438.0	1.0
384580.0	1.0
385862.0	1.0
386884.0	1.0
387670.0	1.0
391122.0	1.0
391556.0	1.0
392744.0	1.0
392908.0	1.0
395062.0	1.0
395202.0	1.0
395578.0	1.0
395966.0	1.0
396076.0	1.0
396364.0	1.0
400534.0	1.0
401064.0	1.0
405478.0	1.0
407158.0	1.0
407988.0	1.0
408610.0	1.0
410032.0	1.0
411402.0	1.0
412548.0	1.0
413928.0	1.0
414496.0	1.0
414588.0	1.0
416738.0	1.0
418472.0	1.0
419000.0	1.0
419682.0	1.0
420474.0	1.0
423946.0	1.0
425370.0	1.0
425856.0	1.0
426648.0	1.0
426782.0	1.0
426788.0	1.0
428752.0	1.0
430216.0	1.0
432432.0	1.0
432536.0	1.0
433218.0	1.0
434848.0	1.0
436410.0	1.0
436850.0	1.0
437450.0	1.0
438536.0	1.0
439314.0	1.0
439354.0	1.0
440166.0	1.0
442712.0	1.0
444088.0	1.0
448836.0	1.0
453050.0	1.0
453486.0	1.0
454468.0	1.0
455428.0	1.0
456666.0	1.0
456828.0	1.0
457704.0	1.0
460134.0	1.0
468906.0	1.0
469284.0	1.0
469442.0	1.0
472054.0	1.0
475558.0	1.0
477014.0	1.0
478056.0	1.0
480308.0	1.0
481076.0	1.0
481218.0	1.0
481546.0	1.0
484746.0	1.0
488504.0	1.0
489990.0	1.0
497716.0	1.0
498108.0	1.0
498118.0	1.0
499944.0	1.0
500582.0	1.0
501252.0	1.0
504500.0	1.0
505298.0	1.0
506446.0	1.0
507092.0	1.0
507902.0	1.0
508194.0	1.0
509744.0	1.0
510126.0	1.0
511402.0	1.0
511672.0	1.0
514570.0	1.0
514892.0	1.0
516030.0	1.0
519730.0	1.0
519840.0	1.0
520084.0	1.0
520706.0	1.0
520774.0	1.0
521438.0	1.0
521760.0	1.0
522094.0	1.0
522794.0	1.0
524970.0	1.0
526110.0	1.0
526856.0	1.0
528144.0	1.0
528616.0	1.0
530122.0	1.0
530920.0	1.0
532050.0	1.0
534570.0	1.0
535618.0	1.0
536106.0	1.0
542130.0	1.0
542230.0	1.0
544300.0	1.0
548896.0	1.0
551536.0	1.0
553770.0	1.0
555294.0	1.0
556636.0	1.0
557378.0	1.0
559228.0	1.0
560062.0	1.0
560352.0	1.0
562124.0	1.0
573524.0	1.0
574720.0	1.0
587584.0	1.0
591224.0	1.0
592228.0	1.0
593930.0	1.0
597394.0	1.0
598216.0	1.0
598392.0	1.0
600450.0	1.0
604252.0	1.0
605664.0	1.0
611886.0	1.0
612994.0	1.0
614642.0	1.0
629596.0	1.0
631198.0	1.0
631852.0	1.0
635566.0	1.0
638168.0	1.0
639232.0	1.0
645094.0	1.0
646260.0	1.0
648036.0	1.0
650602.0	1.0
651126.0	1.0
651994.0	1.0
652310.0	1.0
653000.0	1.0
655116.0	1.0
656988.0	1.0
659294.0	1.0
661820.0	1.0
664738.0	1.0
665318.0	1.0
665412.0	1.0
670474.0	1.0
671586.0	1.0
671668.0	1.0
672900.0	1.0
673926.0	1.0
675168.0	1.0
675830.0	1.0
679702.0	1.0
681076.0	1.0
682172.0	1.0
683888.0	1.0
685724.0	1.0
688660.0	1.0
689582.0	1.0
691144.0	1.0
693152.0	1.0
693534.0	1.0
697160.0	1.0
697318.0	1.0
699152.0	1.0
699320.0	1.0
707572.0	1.0
709864.0	1.0
710828.0	1.0
711846.0	1.0
712004.0	1.0
717282.0	1.0
717802.0	1.0
718462.0	1.0
719848.0	1.0
721026.0	1.0
722578.0	1.0
727390.0	1.0
728344.0	1.0
728506.0	1.0
732964.0	1.0
733692.0	1.0
735104.0	1.0
736452.0	1.0
737404.0	1.0
739564.0	1.0
741840.0	1.0
743912.0	1.0
745754.0	1.0
747504.0	1.0
748084.0	1.0
751096.0	1.0
751436.0	1.0
751474.0	1.0
751768.0	1.0
752554.0	1.0
753476.0	1.0
753904.0	1.0
755120.0	1.0
755190.0	1.0
755514.0	1.0
755932.0	1.0
756084.0	1.0
756776.0	1.0
757052.0	1.0
757128.0	1.0
757606.0	1.0
758204.0	1.0
758312.0	1.0
758608.0	1.0
758678.0	1.0
758820.0	1.0
758926.0	1.0
759978.0	1.0
760514.0	1.0
760588.0	1.0
760660.0	1.0
761916.0	1.0
762692.0	1.0
766308.0	1.0
766550.0	1.0
767078.0	1.0
767808.0	1.0
780830.0	1.0
781498.0	1.0
782874.0	1.0
784496.0	1.0
791444.0	1.0
791504.0	1.0
792366.0	1.0
793334.0	1.0
798108.0	1.0
799118.0	1.0
801798.0	1.0
803528.0	1.0
805052.0	1.0
805342.0	1.0
808466.0	1.0
808502.0	1.0
810670.0	1.0
810772.0	1.0
811018.0	1.0
815654.0	1.0
816564.0	1.0
822144.0	1.0
833788.0	1.0
833792.0	1.0
833900.0	1.0
834336.0	1.0
834840.0	1.0
835032.0	1.0
835234.0	1.0
837364.0	1.0
845050.0	1.0
845428.0	1.0
859762.0	1.0
866780.0	1.0
867660.0	1.0
871400.0	1.0
872356.0	1.0
872570.0	1.0
883000.0	1.0
893634.0	1.0
894070.0	1.0
901474.0	1.0
904706.0	1.0
905194.0	1.0
908448.0	1.0
909748.0	1.0
913786.0	1.0
915976.0	1.0
917154.0	1.0
925232.0	1.0
926700.0	1.0
928446.0	1.0
929712.0	1.0
929952.0	1.0
931806.0	1.0
936538.0	1.0
937016.0	1.0
943338.0	1.0
949712.0	1.0
953896.0	1.0
962056.0	1.0
962534.0	1.0
965392.0	1.0
967300.0	1.0
967592.0	1.0
967610.0	1.0
970670.0	1.0
976698.0	1.0
980898.0	1.0
981274.0	1.0
988834.0	1.0
994828.0	1.0
998734.0	1.0
1003028.0	1.0
1006564.0	1.0
1007130.0	1.0
1010630.0	1.0
1024294.0	1.0
1026888.0	1.0
1030186.0	1.0
1030220.0	1.0
1032106.0	1.0
1032476.0	1.0
1034594.0	1.0
1035556.0	1.0
1037178.0	1.0
1038626.0	1.0
1042250.0	1.0
1045486.0	1.0
1046248.0	1.0
1047044.0	1.0
1049968.0	1.0
1051850.0	1.0
1052998.0	1.0
1057744.0	1.0
1059338.0	1.0
1059616.0	1.0
1061996.0	1.0
1063228.0	1.0
1069628.0	1.0
1069732.0	1.0
1075142.0	1.0
1078770.0	1.0
1082374.0	1.0
1083930.0	1.0
1087996.0	1.0
1088516.0	1.0
1091198.0	1.0
1096008.0	1.0
1097336.0	1.0
1098204.0	1.0
1098516.0	1.0
1098980.0	1.0
1099294.0	1.0
1099448.0	1.0
1103328.0	1.0
1108690.0	1.0
1108974.0	1.0
1116124.0	1.0
1118956.0	1.0
1119302.0	1.0
1121218.0	1.0
1123930.0	1.0
1127534.0	1.0
1130832.0	1.0
1131884.0	1.0
1132792.0	1.0
1134906.0	1.0
1136550.0	1.0
1137234.0	1.0
1140450.0	1.0
1140762.0	1.0
1140960.0	1.0
1140984.0	1.0
1141862.0	1.0
1143936.0	1.0
1144278.0	1.0
1146554.0	1.0
1156240.0	1.0
1159872.0	1.0
1170712.0	1.0
1177458.0	1.0
1181120.0	1.0
1181426.0	1.0
1185972.0	1.0
1192696.0	1.0
1196850.0	1.0
1198428.0	1.0
1198992.0	1.0
1199048.0	1.0
1200464.0	1.0
1207954.0	1.0
1210810.0	1.0
1212152.0	1.0
1213362.0	1.0
1217014.0	1.0
1220314.0	1.0
1234852.0	1.0
1239610.0	1.0
1240150.0	1.0
1241838.0	1.0
1248948.0	1.0
1249442.0	1.0
1250228.0	1.0
1250608.0	1.0
1252168.0	1.0
1253972.0	1.0
1254638.0	1.0
1258214.0	1.0
1269142.0	1.0
1270034.0	1.0
1271464.0	1.0
1277638.0	1.0
1282112.0	1.0
1287878.0	1.0
1296904.0	1.0
1301656.0	1.0
1305638.0	1.0
1308674.0	1.0
1309746.0	1.0
1309882.0	1.0
1316238.0	1.0
1316766.0	1.0
1326160.0	1.0
1333416.0	1.0
1342314.0	1.0
1343938.0	1.0
1343980.0	1.0
1351672.0	1.0
1352138.0	1.0
1363734.0	1.0
1375472.0	1.0
1394624.0	1.0
1398476.0	1.0
1398790.0	1.0
1404664.0	1.0
1405498.0	1.0
1406368.0	1.0
1406870.0	1.0
1408300.0	1.0
1413670.0	1.0
1415534.0	1.0
1434108.0	1.0
1435780.0	1.0
1437368.0	1.0
1444898.0	1.0
1446876.0	1.0
1450960.0	1.0
1453754.0	1.0
1454032.0	1.0
1456040.0	1.0
1458534.0	1.0
1458804.0	1.0
1460310.0	1.0
1462102.0	1.0
1462672.0	1.0
1463020.0	1.0
1466538.0	1.0
1468114.0	1.0
1471164.0	1.0
1475414.0	1.0
1476560.0	1.0
1478204.0	1.0
1480244.0	1.0
1480790.0	1.0
1492196.0	1.0
1495496.0	1.0
1498568.0	1.0
1505134.0	1.0
1507360.0	1.0
1510394.0	1.0
1513842.0	1.0
1514200.0	1.0
1515296.0	1.0
1515584.0	1.0
1516438.0	1.0
1516538.0	1.0
1518024.0	1.0
1518942.0	1.0
1519880.0	1.0
1520308.0	1.0
1520768.0	1.0
1521140.0	1.0
1536092.0	1.0
1537534.0	1.0
1540050.0	1.0
1541714.0	1.0
1551362.0	1.0
1555808.0	1.0
1557368.0	1.0
1563486.0	1.0
1571688.0	1.0
1585900.0	1.0
1592870.0	1.0
1594748.0	1.0
1599366.0	1.0
1599876.0	1.0
1600082.0	1.0
1603122.0	1.0
1607960.0	1.0
1616430.0	1.0
1617926.0	1.0
1622198.0	1.0
1622538.0	1.0
1640360.0	1.0
1643842.0	1.0
1647312.0	1.0
1647886.0	1.0
1655370.0	1.0
1656194.0	1.0
1665398.0	1.0
1666078.0	1.0
1667264.0	1.0
1669356.0	1.0
1672954.0	1.0
1680660.0	1.0
1681284.0	1.0
1694156.0	1.0
1695168.0	1.0
1698314.0	1.0
1702522.0	1.0
1705506.0	1.0
1706762.0	1.0
1707700.0	1.0
1722538.0	1.0
1729100.0	1.0
1730256.0	1.0
1738618.0	1.0
1741150.0	1.0
1742556.0	1.0
1745262.0	1.0
1746970.0	1.0
1765634.0	1.0
1768540.0	1.0
1769238.0	1.0
1771496.0	1.0
1776710.0	1.0
1780326.0	1.0
1787328.0	1.0
1787840.0	1.0
1791054.0	1.0
1795534.0	1.0
1797818.0	1.0
1801516.0	1.0
1809466.0	1.0
1811542.0	1.0
1811842.0	1.0
1819172.0	1.0
1822716.0	1.0
1823188.0	1.0
1827262.0	1.0
1833230.0	1.0
1833338.0	1.0
1833578.0	1.0
1835506.0	1.0
1839488.0	1.0
1851686.0	1.0
1851848.0	1.0
1854576.0	1.0
1860368.0	1.0
1863368.0	1.0
1865936.0	1.0
1877332.0	1.0
1878226.0	1.0
1879438.0	1.0
1880054.0	1.0
1882136.0	1.0
1882622.0	1.0
1885234.0	1.0
1886760.0	1.0
1886782.0	1.0
1888844.0	1.0
1889678.0	1.0
1892054.0	1.0
1894546.0	1.0
1896084.0	1.0
1899976.0	1.0
1900738.0	1.0
1901358.0	1.0
1902768.0	1.0
1907792.0	1.0
1921162.0	1.0
1935796.0	1.0
1936702.0	1.0
1937328.0	1.0
1952414.0	1.0
1956068.0	1.0
1957554.0	1.0
1958288.0	1.0
1958526.0	1.0
1970160.0	1.0
1979478.0	1.0
1987536.0	1.0
1990692.0	1.0
1995980.0	1.0
2003048.0	1.0
2011576.0	1.0
2031330.0	1.0
2032910.0	1.0
2037384.0	1.0
2042676.0	1.0
2048628.0	1.0
2050416.0	1.0
2053990.0	1.0
2072130.0	1.0
2086398.0	1.0
2088770.0	1.0
2105004.0	1.0
2114384.0	1.0
2117180.0	1.0
2123722.0	1.0
2128272.0	1.0
2132078.0	1.0
2154262.0	1.0
2162210.0	1.0
2162808.0	1.0
2168954.0	1.0
2170364.0	1.0
2175966.0	1.0
2180024.0	1.0
2184006.0	1.0
2186548.0	1.0
2206742.0	1.0
2207912.0	1.0
2208440.0	1.0
2210640.0	1.0
2214406.0	1.0
2217064.0	1.0
2219024.0	1.0
2219660.0	1.0
2235598.0	1.0
2239224.0	1.0
2241946.0	1.0
2262822.0	1.0
2277654.0	1.0
2278836.0	1.0
2281024.0	1.0
2285232.0	1.0
2287068.0	1.0
2287728.0	1.0
2300948.0	1.0
2312064.0	1.0
2313726.0	1.0
2317236.0	1.0
2323560.0	1.0
2345438.0	1.0
2351376.0	1.0
2363876.0	1.0
2366128.0	1.0
2375610.0	1.0
2396766.0	1.0
2399132.0	1.0
2402590.0	1.0
2411604.0	1.0
2448228.0	1.0
2456480.0	1.0
2458018.0	1.0
2461224.0	1.0
2463706.0	1.0
2477956.0	1.0
2478400.0	1.0
2480182.0	1.0
2481292.0	1.0
2490440.0	1.0
2496308.0	1.0
2496586.0	1.0
2499588.0	1.0
2508958.0	1.0
2508980.0	1.0
2513290.0	1.0
2515872.0	1.0
2516044.0	1.0
2516238.0	1.0
2525830.0	1.0
2546296.0	1.0
2546762.0	1.0
2547802.0	1.0
2554904.0	1.0
2554922.0	1.0
2577882.0	1.0
2579218.0	1.0
2582636.0	1.0
2598326.0	1.0
2599108.0	1.0
2606446.0	1.0
2610494.0	1.0
2618514.0	1.0
2619778.0	1.0
2633172.0	1.0
2635848.0	1.0
2644624.0	1.0
2644926.0	1.0
2653806.0	1.0
2656800.0	1.0
2659202.0	1.0
2662310.0	1.0
2663422.0	1.0
2670480.0	1.0
2672094.0	1.0
2686424.0	1.0
2692820.0	1.0
2694492.0	1.0
2697494.0	1.0
2698690.0	1.0
2716096.0	1.0
2721878.0	1.0
2723248.0	1.0
2729026.0	1.0
2730640.0	1.0
2733202.0	1.0
2736194.0	1.0
2748328.0	1.0
2754308.0	1.0
2762208.0	1.0
2780782.0	1.0
2795500.0	1.0
2798356.0	1.0
2814628.0	1.0
2821866.0	1.0
2833052.0	1.0
2833248.0	1.0
2840042.0	1.0
2844546.0	1.0
2848806.0	1.0
2853552.0	1.0
2857608.0	1.0
2865018.0	1.0
2882118.0	1.0
2885180.0	1.0
2888150.0	1.0
2895340.0	1.0
2898012.0	1.0
2902660.0	1.0
2903886.0	1.0
2906864.0	1.0
2907080.0	1.0
2908084.0	1.0
2914058.0	1.0
2917496.0	1.0
2924860.0	1.0
2938964.0	1.0
2940218.0	1.0
2941416.0	1.0
2959178.0	1.0
2960550.0	1.0
2966886.0	1.0
2976456.0	1.0
2995168.0	1.0
2996028.0	1.0
2998046.0	1.0
2998348.0	1.0
2998412.0	1.0
3001124.0	1.0
3009874.0	1.0
3010650.0	1.0
3013094.0	1.0
3022720.0	1.0
3027124.0	1.0
3031786.0	1.0
3036478.0	1.0
3037100.0	1.0
3038934.0	1.0
3039274.0	1.0
3041520.0	1.0
3065200.0	1.0
3065940.0	1.0
3066148.0	1.0
3072722.0	1.0
3096284.0	1.0
3102376.0	1.0
3108718.0	1.0
3115384.0	1.0
3126400.0	1.0
3131800.0	1.0
3135122.0	1.0
3135644.0	1.0
3142572.0	1.0
3143486.0	1.0
3143648.0	1.0
3156778.0	1.0
3162626.0	1.0
3171798.0	1.0
3196334.0	1.0
3198444.0	1.0
3202704.0	1.0
3220704.0	1.0
3221242.0	1.0
3225452.0	1.0
3233354.0	1.0
3235228.0	1.0
3246892.0	1.0
3250400.0	1.0
3269832.0	1.0
3304536.0	1.0
3316998.0	1.0
3337228.0	1.0
3350302.0	1.0
3355432.0	1.0
3362738.0	1.0
3364224.0	1.0
3376830.0	1.0
3401906.0	1.0
3407282.0	1.0
3419742.0	1.0
3426482.0	1.0
3459352.0	1.0
3464604.0	1.0
3473736.0	1.0
3474846.0	1.0
3482336.0	1.0
3488974.0	1.0
3492438.0	1.0
3501314.0	1.0
3516588.0	1.0
3520240.0	1.0
3521952.0	1.0
3531768.0	1.0
3542970.0	1.0
3554128.0	1.0
3557238.0	1.0
3560480.0	1.0
3567356.0	1.0
3573660.0	1.0
3573878.0	1.0
3588576.0	1.0
3599774.0	1.0
3603324.0	1.0
3607614.0	1.0
3616940.0	1.0
3621028.0	1.0
3621756.0	1.0
3622628.0	1.0
3629630.0	1.0
3657490.0	1.0
3659360.0	1.0
3675898.0	1.0
3698032.0	1.0
3699416.0	1.0
3710762.0	1.0
3713128.0	1.0
3724426.0	1.0
3729092.0	1.0
3730990.0	1.0
3752726.0	1.0
3774836.0	1.0
3775642.0	1.0
3788854.0	1.0
3789222.0	1.0
3792930.0	1.0
3802232.0	1.0
3811282.0	1.0
3816368.0	1.0
3816674.0	1.0
3827234.0	1.0
3837940.0	1.0
3860342.0	1.0
3863276.0	1.0
3863420.0	1.0
3864238.0	1.0
3869694.0	1.0
3871444.0	1.0
3872604.0	1.0
3873082.0	1.0
3883374.0	1.0
3884846.0	1.0
3906540.0	1.0
3923006.0	1.0
3926022.0	1.0
3928470.0	1.0
3945184.0	1.0
3946740.0	1.0
3955580.0	1.0
3959346.0	1.0
3970186.0	1.0
3984106.0	1.0
4003178.0	1.0
4004612.0	1.0
4013084.0	1.0
4017700.0	1.0
4033546.0	1.0
4035334.0	1.0
4046576.0	1.0
4064042.0	1.0
4069602.0	1.0
4072058.0	1.0
4079398.0	1.0
4087132.0	1.0
4095294.0	1.0
4096198.0	1.0
4106426.0	1.0
4123290.0	1.0
4125036.0	1.0
4131018.0	1.0
4137072.0	1.0
4138440.0	1.0
4139806.0	1.0
4142646.0	1.0
4143132.0	1.0
4150112.0	1.0
4150358.0	1.0
4150562.0	1.0
4176942.0	1.0
4181208.0	1.0
4189556.0	1.0
4210888.0	1.0
4211078.0	1.0
4226262.0	1.0
4229862.0	1.0
4231522.0	1.0
4279614.0	1.0
4296680.0	1.0
4299930.0	1.0
4312282.0	1.0
4321394.0	1.0
4334430.0	1.0
4350182.0	1.0
4353408.0	1.0
4362788.0	1.0
4370324.0	1.0
4407752.0	1.0
4426942.0	1.0
4434020.0	1.0
4437718.0	1.0
4448310.0	1.0
4448996.0	1.0
4453066.0	1.0
4458722.0	1.0
4462320.0	1.0
4462398.0	1.0
4466092.0	1.0
4466736.0	1.0
4467432.0	1.0
4467498.0	1.0
4479668.0	1.0
4486638.0	1.0
4486926.0	1.0
4487012.0	1.0
4502770.0	1.0
4514324.0	1.0
4523840.0	1.0
4531534.0	1.0
4531730.0	1.0
4541444.0	1.0
4546552.0	1.0
4548258.0	1.0
4549112.0	1.0
4550620.0	1.0
4553086.0	1.0
4554242.0	1.0
4560170.0	1.0
4562284.0	1.0
4573430.0	1.0
4577760.0	1.0
4584268.0	1.0
4592210.0	1.0
4620358.0	1.0
4630558.0	1.0
4639068.0	1.0
4675700.0	1.0
4706552.0	1.0
4724912.0	1.0
4734348.0	1.0
4779618.0	1.0
4790480.0	1.0
4795250.0	1.0
4806724.0	1.0
4813004.0	1.0
4821056.0	1.0
4832928.0	1.0
4860564.0	1.0
4871868.0	1.0
4874936.0	1.0
4879252.0	1.0
4886570.0	1.0
4902168.0	1.0
4923006.0	1.0
4923074.0	1.0
4929204.0	1.0
4930914.0	1.0
4947288.0	1.0
4949204.0	1.0
4961842.0	1.0
4964792.0	1.0
4983196.0	1.0
4998734.0	1.0
5002526.0	1.0
5009450.0	1.0
5019028.0	1.0
5021836.0	1.0
5023076.0	1.0
5043022.0	1.0
5048370.0	1.0
5051986.0	1.0
5076864.0	1.0
5083982.0	1.0
5096062.0	1.0
5103088.0	1.0
5108826.0	1.0
5118298.0	1.0
5122036.0	1.0
5123776.0	1.0
5125956.0	1.0
5141064.0	1.0
5206308.0	1.0
5209826.0	1.0
5209972.0	1.0
5221696.0	1.0
5225256.0	1.0
5230516.0	1.0
5235318.0	1.0
5238480.0	1.0
5248188.0	1.0
5255434.0	1.0
5269306.0	1.0
5270526.0	1.0
5274554.0	1.0
5278250.0	1.0
5283930.0	1.0
5284580.0	1.0
5284866.0	1.0
5295158.0	1.0
5299262.0	1.0
5324084.0	1.0
5350164.0	1.0
5351268.0	1.0
5357250.0	1.0
5369924.0	1.0
5378420.0	1.0
5388446.0	1.0
5398354.0	1.0
5399198.0	1.0
5400974.0	1.0
5412420.0	1.0
5417250.0	1.0
5445538.0	1.0
5452524.0	1.0
5454240.0	1.0
5458584.0	1.0
5465206.0	1.0
5469136.0	1.0
5473780.0	1.0
5476372.0	1.0
5479056.0	1.0
5481704.0	1.0
5503984.0	1.0
5506812.0	1.0
5511456.0	1.0
5512794.0	1.0
5537212.0	1.0
5555146.0	1.0
5556354.0	1.0
5570162.0	1.0
5573576.0	1.0
5582878.0	1.0
5588452.0	1.0
5596702.0	1.0
5596948.0	1.0
5602516.0	1.0
5620938.0	1.0
5624810.0	1.0
5635016.0	1.0
5643368.0	1.0
5645212.0	1.0
5650712.0	1.0
5657992.0	1.0
5664300.0	1.0
5665500.0	1.0
5666240.0	1.0
5691820.0	1.0
5694176.0	1.0
5696476.0	1.0
5699958.0	1.0
5707914.0	1.0
5725418.0	1.0
5725968.0	1.0
5729222.0	1.0
5730310.0	1.0
5733514.0	1.0
5755940.0	1.0
5763534.0	1.0
5765224.0	1.0
5773920.0	1.0
5795750.0	1.0
5806528.0	1.0
5814818.0	1.0
5838974.0	1.0
5845392.0	1.0
5858128.0	1.0
5858270.0	1.0
5864484.0	1.0
5873574.0	1.0
5878860.0	1.0
5890838.0	1.0
5900934.0	1.0
5904290.0	1.0
5906810.0	1.0
5907462.0	1.0
5937450.0	1.0
5940946.0	1.0
5968874.0	1.0
5971524.0	1.0
5976374.0	1.0
5977054.0	1.0
5988698.0	1.0
5993932.0	1.0
5993948.0	1.0
5995870.0	1.0
6031574.0	1.0
6037006.0	1.0
6084584.0	1.0
6098232.0	1.0
6108632.0	1.0
6132370.0	1.0
6156286.0	1.0
6167584.0	1.0
6180430.0	1.0
6220434.0	1.0
6221210.0	1.0
6221454.0	1.0
6229132.0	1.0
6286456.0	1.0
6302006.0	1.0
6331942.0	1.0
6334686.0	1.0
6335306.0	1.0
6337792.0	1.0
6358592.0	1.0
6371676.0	1.0
6395732.0	1.0
6395796.0	1.0
6402532.0	1.0
6403934.0	1.0
6410164.0	1.0
6410646.0	1.0
6414482.0	1.0
6429112.0	1.0
6454126.0	1.0
6464148.0	1.0
6473798.0	1.0
6479750.0	1.0
6481068.0	1.0
6517468.0	1.0
6532648.0	1.0
6563260.0	1.0
6570872.0	1.0
6576680.0	1.0
6620100.0	1.0
6630554.0	1.0
6634904.0	1.0
6664568.0	1.0
6673192.0	1.0
6673824.0	1.0
6679294.0	1.0
6708808.0	1.0
6724326.0	1.0
6724532.0	1.0
6732700.0	1.0
6747820.0	1.0
6750530.0	1.0
6755134.0	1.0
6788828.0	1.0
6793924.0	1.0
6810898.0	1.0
6834846.0	1.0
6845364.0	1.0
6854426.0	1.0
6864774.0	1.0
6881656.0	1.0
6884876.0	1.0
6888292.0	1.0
6902224.0	1.0
6905130.0	1.0
6906894.0	1.0
6913274.0	1.0
6913876.0	1.0
6920166.0	1.0
6951348.0	1.0
6951852.0	1.0
6976462.0	1.0
6978756.0	1.0
6982198.0	1.0
6985466.0	1.0
6990818.0	1.0
6998884.0	1.0
7019036.0	1.0
7032850.0	1.0
7037014.0	1.0
7039270.0	1.0
7047594.0	1.0
7055304.0	1.0
7059350.0	1.0
7064284.0	1.0
7076468.0	1.0
7109620.0	1.0
7110596.0	1.0
7112880.0	1.0
7114028.0	1.0
7116956.0	1.0
7133562.0	1.0
7147614.0	1.0
7173278.0	1.0
7180278.0	1.0
7202548.0	1.0
7224692.0	1.0
7225112.0	1.0
7225272.0	1.0
7244408.0	1.0
7247750.0	1.0
7262584.0	1.0
7265094.0	1.0
7298490.0	1.0
7322638.0	1.0
7325268.0	1.0
7326906.0	1.0
7330558.0	1.0
7378788.0	1.0
7416068.0	1.0
7429826.0	1.0
7446354.0	1.0
7471628.0	1.0
7482256.0	1.0
7489910.0	1.0
7493448.0	1.0
7499356.0	1.0
7509090.0	1.0
7513682.0	1.0
7525580.0	1.0
7530174.0	1.0
7595942.0	1.0
7602954.0	1.0
7622782.0	1.0
7631152.0	1.0
7650180.0	1.0
7665386.0	1.0
7702356.0	1.0
7712876.0	1.0
7732396.0	1.0
7741976.0	1.0
7775314.0	1.0
7781722.0	1.0
7782632.0	1.0
7824088.0	1.0
7845008.0	1.0
7858304.0	1.0
7862582.0	1.0
7865732.0	1.0
7882132.0	1.0
7919800.0	1.0
7925484.0	1.0
7928892.0	1.0
7954906.0	1.0
7962484.0	1.0
7972106.0	1.0
7989898.0	1.0
8012952.0	1.0
8078042.0	1.0
8080326.0	1.0
8085092.0	1.0
8090532.0	1.0
8092958.0	1.0
8095992.0	1.0
8109496.0	1.0
8111334.0	1.0
8112158.0	1.0
8116850.0	1.0
8165564.0	1.0
8203980.0	1.0
8204722.0	1.0
8216866.0	1.0
8224892.0	1.0
8235882.0	1.0
8253624.0	1.0
8256590.0	1.0
8260576.0	1.0
8260724.0	1.0
8264850.0	1.0
8284540.0	1.0
8288314.0	1.0
8295642.0	1.0
8305946.0	1.0
8307162.0	1.0
8307294.0	1.0
8315126.0	1.0
8324850.0	1.0
8343192.0	1.0
8356936.0	1.0
8360544.0	1.0
8362222.0	1.0
8365896.0	1.0
8369100.0	1.0
8370848.0	1.0
8381902.0	1.0
8431952.0	1.0
8437662.0	1.0
8449438.0	1.0
8508798.0	1.0
8513008.0	1.0
8513412.0	1.0
8513486.0	1.0
8524440.0	1.0
8562118.0	1.0
8574822.0	1.0
8583990.0	1.0
8601408.0	1.0
8621630.0	1.0
8627342.0	1.0
8628084.0	1.0
8643416.0	1.0
8656784.0	1.0
8669896.0	1.0
8671366.0	1.0
8702620.0	1.0
8759288.0	1.0
8765670.0	1.0
8777008.0	1.0
8781448.0	1.0
8804862.0	1.0
8826976.0	1.0
8833748.0	1.0
8910334.0	1.0
8912880.0	1.0
8916044.0	1.0
8944004.0	1.0
8952000.0	1.0
8976444.0	1.0
8977544.0	1.0
8996612.0	1.0
8997114.0	1.0
8998508.0	1.0
9004968.0	1.0
9005800.0	1.0
9007026.0	1.0
9013160.0	1.0
9014226.0	1.0
9054156.0	1.0
9056594.0	1.0
9068262.0	1.0
9070098.0	1.0
9081118.0	1.0
9092546.0	1.0
9097450.0	1.0
9099962.0	1.0
9132122.0	1.0
9160980.0	1.0
9199712.0	1.0
9208186.0	1.0
9210384.0	1.0
9212538.0	1.0
9221146.0	1.0
9222398.0	1.0
9246114.0	1.0
9264200.0	1.0
9276220.0	1.0
9276904.0	1.0
9277680.0	1.0
9335172.0	1.0
9343566.0	1.0
9343714.0	1.0
9369698.0	1.0
9386504.0	1.0
9392168.0	1.0
9400744.0	1.0
9411106.0	1.0
9416882.0	1.0
9420370.0	1.0
9422032.0	1.0
9422874.0	1.0
9423282.0	1.0
9433868.0	1.0
9437122.0	1.0
9460952.0	1.0
9478148.0	1.0
9494178.0	1.0
9505878.0	1.0
9516356.0	1.0
9519616.0	1.0
9544222.0	1.0
9549644.0	1.0
9556454.0	1.0
9579572.0	1.0
9608126.0	1.0
9652560.0	1.0
9654650.0	1.0
9663112.0	1.0
9685126.0	1.0
9697382.0	1.0
9703064.0	1.0
9705154.0	1.0
9713014.0	1.0
9723044.0	1.0
9730396.0	1.0
9754040.0	1.0
9756436.0	1.0
9759228.0	1.0
9784780.0	1.0
9843856.0	1.0
9851132.0	1.0
9871186.0	1.0
9879940.0	1.0
9881180.0	1.0
9892760.0	1.0
9906418.0	1.0
9931124.0	1.0
9943634.0	1.0
9944610.0	1.0
9947466.0	1.0
9956674.0	1.0
9968762.0	1.0
9983458.0	1.0
9984536.0	1.0
1.0014696E7	1.0
1.0073078E7	1.0
1.0112744E7	1.0
1.0124098E7	1.0
1.0125834E7	1.0
1.0141288E7	1.0
1.0150734E7	1.0
1.0154126E7	1.0
1.0171336E7	1.0
1.020574E7	1.0
1.0208158E7	1.0
1.0232672E7	1.0
1.0232994E7	1.0
1.0238564E7	1.0
1.02531E7	1.0
1.0261562E7	1.0
1.0276912E7	1.0
1.0288938E7	1.0
1.029523E7	1.0
1.0310752E7	1.0
1.0326674E7	1.0
1.0338678E7	1.0
1.0364554E7	1.0
1.040582E7	1.0
1.0413588E7	1.0
1.0413746E7	1.0
1.042802E7	1.0
1.04371E7	1.0
1.0458934E7	1.0
1.0475892E7	1.0
1.0505802E7	1.0
1.0506036E7	1.0
1.0527912E7	1.0
1.0574968E7	1.0
1.057776E7	1.0
1.0580758E7	1.0
1.0594126E7	1.0
1.0616386E7	1.0
1.0645648E7	1.0
1.0656684E7	1.0
1.0696542E7	1.0
1.0717086E7	1.0
1.0760888E7	1.0
1.0761804E7	1.0
1.0772868E7	1.0
1.0836708E7	1.0
1.0859712E7	1.0
1.0885778E7	1.0
1.0929454E7	1.0
1.0972932E7	1.0
1.1054128E7	1.0
1.106088E7	1.0
1.1109314E7	1.0
1.1116954E7	1.0
1.113911E7	1.0
1.11622E7	1.0
1.1175888E7	1.0
1.1178256E7	1.0
1.1208188E7	1.0
1.1227676E7	1.0
1.123247E7	1.0
1.1260458E7	1.0
1.1293756E7	1.0
1.1316938E7	1.0
1.1334166E7	1.0
1.135318E7	1.0
1.1356202E7	1.0
1.1368458E7	1.0
1.1384642E7	1.0
1.1409876E7	1.0
1.1410792E7	1.0
1.1432134E7	1.0
1.1439786E7	1.0
1.148122E7	1.0
1.14967E7	1.0
1.1510324E7	1.0
1.152782E7	1.0
1.1551876E7	1.0
1.156314E7	1.0
1.157647E7	1.0
1.158325E7	1.0
1.159758E7	1.0
1.1630728E7	1.0
1.1641276E7	1.0
1.1665976E7	1.0
1.1679574E7	1.0
1.1696864E7	1.0
1.1707046E7	1.0
1.171312E7	1.0
1.17222E7	1.0
1.1724642E7	1.0
1.1742078E7	1.0
1.1748096E7	1.0
1.1788154E7	1.0
1.1814446E7	1.0
1.1818554E7	1.0
1.184986E7	1.0
1.1851592E7	1.0
1.1862288E7	1.0
1.1870176E7	1.0
1.1878278E7	1.0
1.18916E7	1.0
1.1936136E7	1.0
1.1937952E7	1.0
1.1943136E7	1.0
1.1949542E7	1.0
1.1958834E7	1.0
1.1988124E7	1.0
1.20502E7	1.0
1.2056882E7	1.0
1.2080108E7	1.0
1.209462E7	1.0
1.2097606E7	1.0
1.2109388E7	1.0
1.211156E7	1.0
1.211394E7	1.0
1.2123898E7	1.0
1.2124656E7	1.0
1.2129814E7	1.0
1.214165E7	1.0
1.218687E7	1.0
1.2214676E7	1.0
1.2225504E7	1.0
1.2293868E7	1.0
1.2306236E7	1.0
1.2316424E7	1.0
1.2330858E7	1.0
1.2340466E7	1.0
1.235263E7	1.0
1.236208E7	1.0
1.2363548E7	1.0
1.23889E7	1.0
1.239087E7	1.0
1.2400784E7	1.0
1.2406774E7	1.0
1.2428052E7	1.0
1.2449854E7	1.0
1.2480406E7	1.0
1.2495596E7	1.0
1.253915E7	1.0
1.2548052E7	1.0
1.2551576E7	1.0
1.2595996E7	1.0
1.2605966E7	1.0
1.2615038E7	1.0
1.2624658E7	1.0
1.262577E7	1.0
1.264051E7	1.0
1.2691044E7	1.0
1.2728514E7	1.0
1.2729096E7	1.0
1.2733766E7	1.0
1.2784446E7	1.0
1.2810232E7	1.0
1.2811748E7	1.0
1.2852956E7	1.0
1.2870466E7	1.0
1.291927E7	1.0
1.2961356E7	1.0
1.2998688E7	1.0
1.3032266E7	1.0
1.308674E7	1.0
1.3090292E7	1.0
1.3104382E7	1.0
1.3106554E7	1.0
1.3128094E7	1.0
1.3141478E7	1.0
1.318171E7	1.0
1.3218954E7	1.0
1.3221292E7	1.0
1.3256364E7	1.0
1.3293082E7	1.0
1.3325492E7	1.0
1.3338422E7	1.0
1.3369588E7	1.0
1.336982E7	1.0
1.3416584E7	1.0
1.3417688E7	1.0
1.342451E7	1.0
1.3430058E7	1.0
1.34419E7	1.0
1.3478664E7	1.0
1.3493298E7	1.0
1.356081E7	1.0
1.3576124E7	1.0
1.3578694E7	1.0
1.360937E7	1.0
1.3639006E7	1.0
1.3645426E7	1.0
1.3646704E7	1.0
1.36833E7	1.0
1.3689432E7	1.0
1.3725152E7	1.0
1.3736216E7	1.0
1.3773228E7	1.0
1.3775122E7	1.0
1.3790388E7	1.0
1.3793942E7	1.0
1.3797456E7	1.0
1.3837908E7	1.0
1.3863072E7	1.0
1.3874602E7	1.0
1.3877342E7	1.0
1.3936184E7	1.0
1.3949852E7	1.0
1.3953394E7	1.0
1.4004348E7	1.0
1.4044042E7	1.0
1.4068796E7	1.0
1.4080494E7	1.0
1.4105836E7	1.0
1.4117614E7	1.0
1.4118262E7	1.0
1.4120608E7	1.0
1.4129012E7	1.0
1.413082E7	1.0
1.414144E7	1.0
1.4147602E7	1.0
1.414801E7	1.0
1.4241706E7	1.0
1.4259978E7	1.0
1.4263314E7	1.0
1.4269396E7	1.0
1.4306658E7	1.0
1.432722E7	1.0
1.4363E7	1.0
1.43797E7	1.0
1.4414654E7	1.0
1.4431172E7	1.0
1.4466536E7	1.0
1.4551388E7	1.0
1.4553488E7	1.0
1.4558952E7	1.0
1.4574712E7	1.0
1.4577266E7	1.0
1.4605828E7	1.0
1.4615872E7	1.0
1.4626402E7	1.0
1.4627046E7	1.0
1.462896E7	1.0
1.4655576E7	1.0
1.4662124E7	1.0
1.4662594E7	1.0
1.4679468E7	1.0
1.4712288E7	1.0
1.4724898E7	1.0
1.4733248E7	1.0
1.4755642E7	1.0
1.4760588E7	1.0
1.4790158E7	1.0
1.4824708E7	1.0
1.484861E7	1.0
1.4858608E7	1.0
1.487535E7	1.0
1.4912624E7	1.0
1.495016E7	1.0
1.5115776E7	1.0
1.5212492E7	1.0
1.5288182E7	1.0
1.5301446E7	1.0
1.5334164E7	1.0
1.5339552E7	1.0
1.5381858E7	1.0
1.5388424E7	1.0
1.540366E7	1.0
1.5421828E7	1.0
1.5455736E7	1.0
1.5483108E7	1.0
1.5492796E7	1.0
1.550329E7	1.0
1.5570516E7	1.0
1.5585628E7	1.0
1.559482E7	1.0
1.5608064E7	1.0
1.5629654E7	1.0
1.5641518E7	1.0
1.5677678E7	1.0
1.5682258E7	1.0
1.570124E7	1.0
1.5713314E7	1.0
1.5741296E7	1.0
1.5759868E7	1.0
1.5782472E7	1.0
1.579595E7	1.0
1.5830072E7	1.0
1.5870926E7	1.0
1.5870958E7	1.0
1.5872296E7	1.0
1.5898936E7	1.0
1.5942454E7	1.0
1.6027976E7	1.0
1.604208E7	1.0
1.609132E7	1.0
1.6100514E7	1.0
1.6104278E7	1.0
1.6112798E7	1.0
1.6131852E7	1.0
1.6136752E7	1.0
1.615259E7	1.0
1.6182748E7	1.0
1.6207608E7	1.0
1.6305812E7	1.0
1.6372476E7	1.0
1.6381486E7	1.0
1.6395534E7	1.0
1.6436858E7	1.0
1.6458084E7	1.0
1.6463578E7	1.0
1.6473558E7	1.0
1.6476022E7	1.0
1.6494298E7	1.0
1.6514522E7	1.0
1.6526404E7	1.0
1.6567178E7	1.0
1.6582982E7	1.0
1.6611526E7	1.0
1.6682294E7	1.0
1.6684932E7	1.0
1.6701424E7	1.0
1.6734344E7	1.0
1.6735234E7	1.0
1.674762E7	1.0
1.677784E7	1.0
1.6778412E7	1.0
1.6856442E7	1.0
1.6936686E7	1.0
1.696546E7	1.0
1.6973502E7	1.0
1.6997384E7	1.0
1.7103634E7	1.0
1.7135556E7	1.0
1.714167E7	1.0
1.7160922E7	1.0
1.7167798E7	1.0
1.7232616E7	1.0
1.7243312E7	1.0
1.7252722E7	1.0
1.725446E7	1.0
1.72821E7	1.0
1.7295854E7	1.0
1.7322684E7	1.0
1.7334202E7	1.0
1.7341042E7	1.0
1.73554E7	1.0
1.736154E7	1.0
1.7367646E7	1.0
1.7378284E7	1.0
1.7418062E7	1.0
1.7449626E7	1.0
1.7455204E7	1.0
1.7499722E7	1.0
1.7528434E7	1.0
1.759738E7	1.0
1.762815E7	1.0
1.7667072E7	1.0
1.7697848E7	1.0
1.7775108E7	1.0
1.7809668E7	1.0
1.782463E7	1.0
1.7838254E7	1.0
1.7864382E7	1.0
1.7899114E7	1.0
1.7923912E7	1.0
1.7954968E7	1.0
1.79633E7	1.0
1.7967018E7	1.0
1.7969162E7	1.0
1.8138784E7	1.0
1.8155532E7	1.0
1.8180124E7	1.0
1.8206676E7	1.0
1.8220788E7	1.0
1.8231902E7	1.0
1.823299E7	1.0
1.8245512E7	1.0
1.8246442E7	1.0
1.8252494E7	1.0
1.8274624E7	1.0
1.834619E7	1.0
1.8372468E7	1.0
1.8480264E7	1.0
1.8534076E7	1.0
1.8678472E7	1.0
1.869271E7	1.0
1.8707416E7	1.0
1.8742998E7	1.0
1.875874E7	1.0
1.8780052E7	1.0
1.8805456E7	1.0
1.8839422E7	1.0
1.8847214E7	1.0
1.8854646E7	1.0
1.8891078E7	1.0
1.8933016E7	1.0
1.8948258E7	1.0
1.8964916E7	1.0
1.8997238E7	1.0
1.9006164E7	1.0
1.905915E7	1.0
1.920056E7	1.0
1.9202338E7	1.0
1.9204986E7	1.0
1.9244356E7	1.0
1.9327052E7	1.0
1.9340374E7	1.0
1.9386512E7	1.0
1.9451012E7	1.0
1.9465526E7	1.0
1.955286E7	1.0
1.955527E7	1.0
1.9559986E7	1.0
1.9595852E7	1.0
1.9604678E7	1.0
1.9618414E7	1.0
1.9636984E7	1.0
1.963798E7	1.0
1.9683534E7	1.0
1.9685526E7	1.0
1.9710948E7	1.0
1.972004E7	1.0
1.9721486E7	1.0
1.976557E7	1.0
1.976565E7	1.0
1.9782714E7	1.0
1.9810164E7	1.0
1.9918142E7	1.0
1.991898E7	1.0
1.9954312E7	1.0
1.9984774E7	1.0
1.9987776E7	1.0
2.0034478E7	1.0
2.0074214E7	1.0
2.0082148E7	1.0
2.0101534E7	1.0
2.0114448E7	1.0
2.0141352E7	1.0
2.0162498E7	1.0
2.0189588E7	1.0
2.0197242E7	1.0
2.0236252E7	1.0
2.0269234E7	1.0
2.0298958E7	1.0
2.0325772E7	1.0
2.0325862E7	1.0
2.0357482E7	1.0
2.037266E7	1.0
2.0475436E7	1.0
2.055311E7	1.0
2.0563732E7	1.0
2.0571056E7	1.0
2.0600488E7	1.0
2.0644262E7	1.0
2.0644606E7	1.0
2.0663498E7	1.0
2.0672968E7	1.0
2.0691964E7	1.0
2.0712406E7	1.0
2.0751968E7	1.0
2.080203E7	1.0
2.0822586E7	1.0
2.097295E7	1.0
2.0981262E7	1.0
2.0990692E7	1.0
2.1016118E7	1.0
2.1029832E7	1.0
2.103026E7	1.0
2.1038702E7	1.0
2.1070292E7	1.0
2.1076264E7	1.0
2.107675E7	1.0
2.1087526E7	1.0
2.1110138E7	1.0
2.1120018E7	1.0
2.113527E7	1.0
2.1145682E7	1.0
2.1169558E7	1.0
2.119341E7	1.0
2.1194288E7	1.0
2.1194798E7	1.0
2.1198502E7	1.0
2.1217496E7	1.0
2.1226374E7	1.0
2.1242012E7	1.0
2.1250236E7	1.0
2.1255934E7	1.0
2.1270514E7	1.0
2.1332284E7	1.0
2.1333778E7	1.0
2.140236E7	1.0
2.1412112E7	1.0
2.1436296E7	1.0
2.1437248E7	1.0
2.1452094E7	1.0
2.1512344E7	1.0
2.1544778E7	1.0
2.1552604E7	1.0
2.1567216E7	1.0
2.1576944E7	1.0
2.1588016E7	1.0
2.1598914E7	1.0
2.1624896E7	1.0
2.1636682E7	1.0
2.1708148E7	1.0
2.1759048E7	1.0
2.1833284E7	1.0
2.1856568E7	1.0
2.1886416E7	1.0
2.1899056E7	1.0
2.1942756E7	1.0
2.195019E7	1.0
2.197946E7	1.0
2.19999E7	1.0
2.2028582E7	1.0
2.2088758E7	1.0
2.209226E7	1.0
2.2099062E7	1.0
2.2111602E7	1.0
2.2188056E7	1.0
2.2197462E7	1.0
2.2218826E7	1.0
2.2248096E7	1.0
2.2297116E7	1.0
2.2331424E7	1.0
2.234176E7	1.0
2.2372136E7	1.0
2.2376206E7	1.0
2.2444204E7	1.0
2.2452474E7	1.0
2.2462544E7	1.0
2.2471398E7	1.0
2.2498226E7	1.0
2.253169E7	1.0
2.2565156E7	1.0
2.2566214E7	1.0
2.2638894E7	1.0
2.2641238E7	1.0
2.2699684E7	1.0
2.27177E7	1.0
2.274286E7	1.0
2.2751336E7	1.0
2.2769414E7	1.0
2.278323E7	1.0
2.2810732E7	1.0
2.2816168E7	1.0
2.2825672E7	1.0
2.2861536E7	1.0
2.2863294E7	1.0
2.2886786E7	1.0
2.2984384E7	1.0
2.3084146E7	1.0
2.3089896E7	1.0
2.3098224E7	1.0
2.3193306E7	1.0
2.321176E7	1.0
2.3229876E7	1.0
2.324108E7	1.0
2.3266772E7	1.0
2.329829E7	1.0
2.3323844E7	1.0
2.3372052E7	1.0
2.337643E7	1.0
2.3384264E7	1.0
2.3424244E7	1.0
2.3458744E7	1.0
2.3470412E7	1.0
2.3476708E7	1.0
2.3482542E7	1.0
2.3492256E7	1.0
2.3520898E7	1.0
2.3566298E7	1.0
2.3601576E7	1.0
2.3685196E7	1.0
2.3699566E7	1.0
2.371278E7	1.0
2.3751968E7	1.0
2.3770276E7	1.0
2.3821618E7	1.0
2.3846222E7	1.0
2.3866208E7	1.0
2.3919704E7	1.0
2.3928236E7	1.0
2.395633E7	1.0
2.3968326E7	1.0
2.4021484E7	1.0
2.4065638E7	1.0
2.4119424E7	1.0
2.4125222E7	1.0
2.4145758E7	1.0
2.4165036E7	1.0
2.4175158E7	1.0
2.4188704E7	1.0
2.4198118E7	1.0
2.425676E7	1.0
2.4273006E7	1.0
2.4283028E7	1.0
2.432223E7	1.0
2.4336246E7	1.0
2.4370884E7	1.0
2.4400228E7	1.0
2.4409132E7	1.0
2.4416168E7	1.0
2.4416368E7	1.0
2.4432164E7	1.0
2.4440516E7	1.0
2.4441776E7	1.0
2.4469592E7	1.0
2.4479236E7	1.0
2.4479852E7	1.0
2.4555404E7	1.0
2.4666846E7	1.0
2.4681696E7	1.0
2.468266E7	1.0
2.4688732E7	1.0
2.471604E7	1.0
2.4741686E7	1.0
2.4765706E7	1.0
2.488775E7	1.0
2.4927744E7	1.0
2.4988428E7	1.0
2.5006462E7	1.0
2.5044716E7	1.0
2.5059446E7	1.0
2.5070378E7	1.0
2.507932E7	1.0
2.5127864E7	1.0
2.515231E7	1.0
2.5160982E7	1.0
2.525196E7	1.0
2.5264918E7	1.0
2.5276298E7	1.0
2.5326546E7	1.0
2.5371556E7	1.0
2.5376904E7	1.0
2.5462914E7	1.0
2.5600424E7	1.0
2.5657308E7	1.0
2.5691054E7	1.0
2.5692304E7	1.0
2.5702206E7	1.0
2.5708428E7	1.0
2.579397E7	1.0
2.5796322E7	1.0
2.5807772E7	1.0
2.5830208E7	1.0
2.583933E7	1.0
2.5953154E7	1.0
2.5977138E7	1.0
2.5991272E7	1.0
2.6066814E7	1.0
2.6069966E7	1.0
2.6076516E7	1.0
2.608132E7	1.0
2.6128886E7	1.0
2.6179876E7	1.0
2.6201408E7	1.0
2.6241476E7	1.0
2.6291018E7	1.0
2.630103E7	1.0
2.6359926E7	1.0
2.6372524E7	1.0
2.6376386E7	1.0
2.6389876E7	1.0
2.644513E7	1.0
2.6445504E7	1.0
2.6458414E7	1.0
2.6471632E7	1.0
2.649604E7	1.0
2.6504644E7	1.0
2.6524664E7	1.0
2.6527388E7	1.0
2.661372E7	1.0
2.6734174E7	1.0
2.677155E7	1.0
2.6786376E7	1.0
2.682399E7	1.0
2.69206E7	1.0
2.6952896E7	1.0
2.6993782E7	1.0
2.704307E7	1.0
2.7094478E7	1.0
2.7133834E7	1.0
2.7145076E7	1.0
2.7216568E7	1.0
2.7250276E7	1.0
2.731114E7	1.0
2.7335288E7	1.0
2.7373824E7	1.0
2.7379122E7	1.0
2.7403908E7	1.0
2.760585E7	1.0
2.761767E7	1.0
2.7631842E7	1.0
2.7736252E7	1.0
2.7887966E7	1.0
2.7979226E7	1.0
2.8073714E7	1.0
2.8085166E7	1.0
2.8103764E7	1.0
2.8200948E7	1.0
2.8222768E7	1.0
2.8339976E7	1.0
2.8343516E7	1.0
2.834777E7	1.0
2.8351984E7	1.0
2.8408826E7	1.0
2.843861E7	1.0
2.8534046E7	1.0
2.8542344E7	1.0
2.8674068E7	1.0
2.8681928E7	1.0
2.8699546E7	1.0
2.8786854E7	1.0
2.8803166E7	1.0
2.8871364E7	1.0
2.887365E7	1.0
2.8907986E7	1.0
2.8921902E7	1.0
2.8954338E7	1.0
2.9057748E7	1.0
2.9146028E7	1.0
2.9184884E7	1.0
2.9277036E7	1.0
2.9309706E7	1.0
2.9336288E7	1.0
2.9342188E7	1.0
2.9382898E7	1.0
2.9383608E7	1.0
2.942729E7	1.0
2.9478958E7	1.0
2.9499498E7	1.0
2.9521234E7	1.0
2.9536406E7	1.0
2.9555724E7	1.0
2.9664598E7	1.0
2.9667278E7	1.0
2.9697852E7	1.0
2.9706974E7	1.0
2.9710642E7	1.0
2.9720582E7	1.0
2.9802116E7	1.0
2.9836052E7	1.0
2.988239E7	1.0
2.9887846E7	1.0
2.9926176E7	1.0
2.992625E7	1.0
2.994956E7	1.0
2.9958806E7	1.0
2.9991182E7	1.0
3.0009532E7	1.0
3.002967E7	1.0
3.0053074E7	1.0
3.00856E7	1.0
3.0093774E7	1.0
3.0126956E7	1.0
3.0142476E7	1.0
3.0146854E7	1.0
3.0173936E7	1.0
3.02003E7	1.0
3.0217796E7	1.0
3.0233184E7	1.0
3.0264618E7	1.0
3.0359134E7	1.0
3.0370946E7	1.0
3.0407174E7	1.0
3.0446516E7	1.0
3.0457756E7	1.0
3.046877E7	1.0
3.0514862E7	1.0
3.054093E7	1.0
3.0552848E7	1.0
3.0609436E7	1.0
3.0610144E7	1.0
3.0614646E7	1.0
3.0655712E7	1.0
3.0745348E7	1.0
3.0752606E7	1.0
3.0771822E7	1.0
3.077651E7	1.0
3.081662E7	1.0
3.0818006E7	1.0
3.0864512E7	1.0
3.0904454E7	1.0
3.0925646E7	1.0
3.093053E7	1.0
3.0959904E7	1.0
3.0964496E7	1.0
3.1015328E7	1.0
3.1026456E7	1.0
3.1099968E7	1.0
3.110527E7	1.0
3.1120712E7	1.0
3.1127148E7	1.0
3.1159452E7	1.0
3.1191578E7	1.0
3.123314E7	1.0
3.126055E7	1.0
3.1275292E7	1.0
3.1288322E7	1.0
3.1291164E7	1.0
3.1296596E7	1.0
3.1311494E7	1.0
3.1327856E7	1.0
3.138105E7	1.0
3.1410108E7	1.0
3.1412102E7	1.0
3.1419022E7	1.0
3.1547486E7	1.0
3.155181E7	1.0
3.1577884E7	1.0
3.1648344E7	1.0
3.168502E7	1.0
3.1703606E7	1.0
3.1715264E7	1.0
3.1730698E7	1.0
3.176562E7	1.0
3.177534E7	1.0
3.1862434E7	1.0
3.1884308E7	1.0
3.1887556E7	1.0
3.188769E7	1.0
3.1888838E7	1.0
3.1948004E7	1.0
3.1968104E7	1.0
3.1973104E7	1.0
3.2002382E7	1.0
3.2019822E7	1.0
3.2092328E7	1.0
3.209239E7	1.0
3.2101994E7	1.0
3.2119444E7	1.0
3.233713E7	1.0
3.2356606E7	1.0
3.250631E7	1.0
3.2511178E7	1.0
3.2524552E7	1.0
3.256081E7	1.0
3.2598092E7	1.0
3.263743E7	1.0
3.265168E7	1.0
3.2665584E7	1.0
3.2737796E7	1.0
3.2802142E7	1.0
3.283303E7	1.0
3.2844894E7	1.0
3.2856086E7	1.0
3.2858412E7	1.0
3.2912506E7	1.0
3.299323E7	1.0
3.2998986E7	1.0
3.30689E7	1.0
3.3107274E7	1.0
3.3152782E7	1.0
3.3156402E7	1.0
3.3175564E7	1.0
3.3228074E7	1.0
3.3277606E7	1.0
3.3282104E7	1.0
3.330244E7	1.0
3.330889E7	1.0
3.336194E7	1.0
3.3461698E7	1.0
3.3470762E7	1.0
3.36451E7	1.0
3.3682496E7	1.0
3.3689978E7	1.0
3.3820742E7	1.0
3.3914678E7	1.0
3.396535E7	1.0
3.402304E7	1.0
3.4134454E7	1.0
3.4169354E7	1.0
3.4185256E7	1.0
3.4188744E7	1.0
3.4218054E7	1.0
3.423137E7	1.0
3.42805E7	1.0
3.4333912E7	1.0
3.4343574E7	1.0
3.434451E7	1.0
3.4367482E7	1.0
3.4410998E7	1.0
3.4419636E7	1.0
3.4443718E7	1.0
3.4479856E7	1.0
3.4489422E7	1.0
3.4505158E7	1.0
3.4510456E7	1.0
3.458029E7	1.0
3.4597816E7	1.0
3.4633748E7	1.0
3.4721842E7	1.0
3.4752014E7	1.0
3.4779662E7	1.0
3.4783934E7	1.0
3.4795322E7	1.0
3.4845588E7	1.0
3.4898178E7	1.0
3.4918872E7	1.0
3.4952832E7	1.0
3.5012392E7	1.0
3.5182968E7	1.0
3.5196454E7	1.0
3.5204602E7	1.0
3.5327448E7	1.0
3.5391778E7	1.0
3.5417176E7	1.0
3.5453962E7	1.0
3.5571714E7	1.0
3.5591982E7	1.0
3.5730968E7	1.0
3.5736306E7	1.0
3.577411E7	1.0
3.5861178E7	1.0
3.5885132E7	1.0
3.5910844E7	1.0
3.5984192E7	1.0
3.6132236E7	1.0
3.6235032E7	1.0
3.6258212E7	1.0
3.6297138E7	1.0
3.632728E7	1.0
3.6355202E7	1.0
3.6389508E7	1.0
3.6389656E7	1.0
3.6399036E7	1.0
3.6421408E7	1.0
3.644681E7	1.0
3.651703E7	1.0
3.6526872E7	1.0
3.6661038E7	1.0
3.6669608E7	1.0
3.6698946E7	1.0
3.6736758E7	1.0
3.6760176E7	1.0
3.6766968E7	1.0
3.691061E7	1.0
3.696267E7	1.0
3.7000496E7	1.0
3.700987E7	1.0
3.703022E7	1.0
3.70842E7	1.0
3.727415E7	1.0
3.7331892E7	1.0
3.737631E7	1.0
3.739888E7	1.0
3.7424962E7	1.0
3.7434742E7	1.0
3.7499888E7	1.0
3.7537598E7	1.0
3.7550184E7	1.0
3.7591358E7	1.0
3.763982E7	1.0
3.7676836E7	1.0
3.7699684E7	1.0
3.7774558E7	1.0
3.78243E7	1.0
3.7937934E7	1.0
3.8011842E7	1.0
3.8022858E7	1.0
3.8176178E7	1.0
3.8180118E7	1.0
3.8190032E7	1.0
3.8205838E7	1.0
3.8211686E7	1.0
3.8229258E7	1.0
3.83255E7	1.0
3.8371482E7	1.0
3.8414676E7	1.0
3.842648E7	1.0
3.8434296E7	1.0
3.8487628E7	1.0
3.8490072E7	1.0
3.8620936E7	1.0
3.8704158E7	1.0
3.8713286E7	1.0
3.8715614E7	1.0
3.8727026E7	1.0
3.8755204E7	1.0
3.881139E7	1.0
3.889575E7	1.0
3.8914766E7	1.0
3.893436E7	1.0
3.89677E7	1.0
3.9115628E7	1.0
3.9162542E7	1.0
3.9233204E7	1.0
3.9268266E7	1.0
3.9274654E7	1.0
3.9288202E7	1.0
3.9312026E7	1.0
3.9321214E7	1.0
3.9409968E7	1.0
3.941131E7	1.0
3.9446732E7	1.0
3.9467904E7	1.0
3.949218E7	1.0
3.9496688E7	1.0
3.9531078E7	1.0
3.975218E7	1.0
3.9784016E7	1.0
3.9844712E7	1.0
3.9865424E7	1.0
3.9945234E7	1.0
3.9973716E7	1.0
3.9984826E7	1.0
4.0000056E7	1.0
4.001883E7	1.0
4.0078068E7	1.0
4.0093168E7	1.0
4.0218874E7	1.0
4.0377442E7	1.0
4.0419308E7	1.0
4.0468916E7	1.0
4.0494896E7	1.0
4.0511926E7	1.0
4.0588974E7	1.0
4.0644236E7	1.0
4.0710246E7	1.0
4.075876E7	1.0
4.0774104E7	1.0
4.082844E7	1.0
4.0906478E7	1.0
4.0949664E7	1.0
4.0957656E7	1.0
4.0964356E7	1.0
4.0978682E7	1.0
4.1063188E7	1.0
4.1082748E7	1.0
4.1146734E7	1.0
4.1174386E7	1.0
4.131397E7	1.0
4.1412882E7	1.0
4.147687E7	1.0
4.1503462E7	1.0
4.1557906E7	1.0
4.156836E7	1.0
4.160475E7	1.0
4.1735022E7	1.0
4.1737008E7	1.0
4.1776848E7	1.0
4.1847576E7	1.0
4.1911682E7	1.0
4.1933674E7	1.0
4.1935218E7	1.0
4.2050382E7	1.0
4.2115394E7	1.0
4.2132138E7	1.0
4.2187426E7	1.0
4.2299824E7	1.0
4.2480168E7	1.0
4.251798E7	1.0
4.2534484E7	1.0
4.2555016E7	1.0
4.2724382E7	1.0
4.2732212E7	1.0
4.282632E7	1.0
4.2935946E7	1.0
4.3024808E7	1.0
4.314776E7	1.0
4.3214976E7	1.0
4.323503E7	1.0
4.334341E7	1.0
4.3453362E7	1.0
4.3486842E7	1.0
4.355144E7	1.0
4.3558076E7	1.0
4.3559772E7	1.0
4.3574772E7	1.0
4.362158E7	1.0
4.371773E7	1.0
4.3812268E7	1.0
4.38766E7	1.0
4.3965196E7	1.0
4.4099788E7	1.0
4.412051E7	1.0
4.420738E7	1.0
4.431381E7	1.0
4.4529056E7	1.0
4.4555358E7	1.0
4.4589326E7	1.0
4.4603304E7	1.0
4.4712274E7	1.0
4.4788996E7	1.0
4.4888358E7	1.0
4.4904918E7	1.0
4.4986334E7	1.0
4.5098374E7	1.0
4.5217714E7	1.0
4.526383E7	1.0
4.5283398E7	1.0
4.531136E7	1.0
4.5337848E7	1.0
4.5526886E7	1.0
4.5527102E7	1.0
4.5590272E7	1.0
4.5690118E7	1.0
4.5750956E7	1.0
4.5756462E7	1.0
4.5776198E7	1.0
4.5954008E7	1.0
4.5977644E7	1.0
4.5982234E7	1.0
4.6140676E7	1.0
4.6259834E7	1.0
4.6356316E7	1.0
4.6400422E7	1.0
4.6402784E7	1.0
4.6648712E7	1.0
4.6880438E7	1.0
4.7027382E7	1.0
4.7074134E7	1.0
4.7195026E7	1.0
4.7220308E7	1.0
4.7428108E7	1.0
4.7503306E7	1.0
4.7634676E7	1.0
4.767626E7	1.0
4.7740204E7	1.0
4.7753222E7	1.0
4.7793794E7	1.0
4.7795164E7	1.0
4.7843866E7	1.0
4.7936722E7	1.0
4.801281E7	1.0
4.8056686E7	1.0
4.819371E7	1.0
4.835628E7	1.0
4.8533632E7	1.0
4.8752644E7	1.0
4.8814848E7	1.0
4.8866674E7	1.0
4.8913612E7	1.0
4.8925716E7	1.0
4.8941996E7	1.0
4.9016224E7	1.0
4.9123308E7	1.0
4.9148046E7	1.0
4.923541E7	1.0
4.9435236E7	1.0
4.9545568E7	1.0
4.9652514E7	1.0
4.9714738E7	1.0
4.972777E7	1.0
4.9984652E7	1.0
5.0103378E7	1.0
5.025787E7	1.0
5.026106E7	1.0
5.0299168E7	1.0
5.0333598E7	1.0
5.035595E7	1.0
5.0360186E7	1.0
5.0405342E7	1.0
5.0408906E7	1.0
5.044023E7	1.0
5.0447248E7	1.0
5.0478982E7	1.0
5.0533334E7	1.0
5.0565492E7	1.0
5.0814708E7	1.0
5.088115E7	1.0
5.0904344E7	1.0
5.0980464E7	1.0
5.1229762E7	1.0
5.1262256E7	1.0
5.1627236E7	1.0
5.1861946E7	1.0
5.186943E7	1.0
5.1888258E7	1.0
5.19559E7	1.0
5.2024022E7	1.0
5.2085626E7	1.0
5.21528E7	1.0
5.2206896E7	1.0
5.220834E7	1.0
5.2242984E7	1.0
5.2318358E7	1.0
5.2474512E7	1.0
5.250838E7	1.0
5.2792022E7	1.0
5.2812744E7	1.0
5.2874958E7	1.0
5.3019846E7	1.0
5.317449E7	1.0
5.3203402E7	1.0
5.346777E7	1.0
5.3813908E7	1.0
5.3884968E7	1.0
5.3920626E7	1.0
5.411078E7	1.0
5.4110822E7	1.0
5.4265166E7	1.0
5.4293652E7	1.0
5.4448982E7	1.0
5.4523576E7	1.0
5.476801E7	1.0
5.4774682E7	1.0
5.4792252E7	1.0
5.4808138E7	1.0
5.4817014E7	1.0
5.4841764E7	1.0
5.4966716E7	1.0
5.4972264E7	1.0
5.4998972E7	1.0
5.5007588E7	1.0
5.5011512E7	1.0
5.5147462E7	1.0
5.5251986E7	1.0
5.5281094E7	1.0
5.5281512E7	1.0
5.5422798E7	1.0
5.5563738E7	1.0
5.5648256E7	1.0
5.5659506E7	1.0
5.5693978E7	1.0
5.5703526E7	1.0
5.5741342E7	1.0
5.5796532E7	1.0
5.580609E7	1.0
5.5806314E7	1.0
5.5829172E7	1.0
5.5837334E7	1.0
5.5876068E7	1.0
5.6165492E7	1.0
5.6168984E7	1.0
5.6234678E7	1.0
5.6316538E7	1.0
5.63472E7	1.0
5.6377338E7	1.0
5.6412014E7	1.0
5.6435266E7	1.0
5.652761E7	1.0
5.6788968E7	1.0
5.692994E7	1.0
5.7609452E7	1.0
5.761501E7	1.0
5.7679848E7	1.0
5.7733126E7	1.0
5.7842938E7	1.0
5.79062E7	1.0
5.8287786E7	1.0
5.8291358E7	1.0
5.8327308E7	1.0
5.8560174E7	1.0
5.8602574E7	1.0
5.8641256E7	1.0
5.8798954E7	1.0
5.8870634E7	1.0
5.8993292E7	1.0
5.9024754E7	1.0
5.9059828E7	1.0
5.9146698E7	1.0
5.9311522E7	1.0
5.938513E7	1.0
5.962329E7	1.0
5.9675636E7	1.0
5.9728508E7	1.0
5.9744744E7	1.0
5.986024E7	1.0
5.9988198E7	1.0
6.0041762E7	1.0
6.036702E7	1.0
6.0403174E7	1.0
6.0448646E7	1.0
6.0469576E7	1.0
6.0555566E7	1.0
6.125302E7	1.0
6.1550526E7	1.0
6.159065E7	1.0
6.1606524E7	1.0
6.1687086E7	1.0
6.171871E7	1.0
6.1742928E7	1.0
6.1880788E7	1.0
6.1895508E7	1.0
6.197179E7	1.0
6.2043724E7	1.0
6.2097058E7	1.0
6.2222884E7	1.0
6.2357726E7	1.0
6.2468876E7	1.0
6.247358E7	1.0
6.2644268E7	1.0
6.2743884E7	1.0
6.3062844E7	1.0
6.3231524E7	1.0
6.335475E7	1.0
6.3376656E7	1.0
6.3773384E7	1.0
6.3982104E7	1.0
6.3992214E7	1.0
6.4141818E7	1.0
6.4171072E7	1.0
6.419248E7	1.0
6.4229568E7	1.0
6.4279946E7	1.0
6.428036E7	1.0
6.4368898E7	1.0
6.4492174E7	1.0
6.4644622E7	1.0
6.4703314E7	1.0
6.4831198E7	1.0
6.486517E7	1.0
6.49081E7	1.0
6.499227E7	1.0
6.51794E7	1.0
6.5242974E7	1.0
6.5378874E7	1.0
6.5466962E7	1.0
6.5486444E7	1.0
6.5732074E7	1.0
6.579009E7	1.0
6.580796E7	1.0
6.5896152E7	1.0
6.598978E7	1.0
6.6002314E7	1.0
6.604085E7	1.0
6.6352966E7	1.0
6.6410594E7	1.0
6.6575034E7	1.0
6.666905E7	1.0
6.6972764E7	1.0
6.7011964E7	1.0
6.724676E7	1.0
6.7392624E7	1.0
6.7602656E7	1.0
6.7766522E7	1.0
6.801323E7	1.0
6.8272362E7	1.0
6.8291738E7	1.0
6.8335828E7	1.0
6.8402564E7	1.0
6.844177E7	1.0
6.8648816E7	1.0
6.8802766E7	1.0
6.891112E7	1.0
6.892395E7	1.0
6.9031506E7	1.0
6.9066098E7	1.0
6.9141742E7	1.0
6.915689E7	1.0
6.9206792E7	1.0
6.9320962E7	1.0
6.9790634E7	1.0
6.9831046E7	1.0
6.987547E7	1.0
6.9914788E7	1.0
6.9957228E7	1.0
6.9962026E7	1.0
7.0038858E7	1.0
7.0171848E7	1.0
7.033298E7	1.0
7.0398966E7	1.0
7.042488E7	1.0
7.056722E7	1.0
7.0656064E7	1.0
7.0692618E7	1.0
7.0751672E7	1.0
7.0800702E7	1.0
7.0945788E7	1.0
7.1195404E7	1.0
7.1263428E7	1.0
7.199399E7	1.0
7.202457E7	1.0
7.207306E7	1.0
7.2446482E7	1.0
7.2495484E7	1.0
7.2504284E7	1.0
7.2631056E7	1.0
7.278322E7	1.0
7.294388E7	1.0
7.3048448E7	1.0
7.310771E7	1.0
7.312154E7	1.0
7.3137918E7	1.0
7.3211768E7	1.0
7.3314876E7	1.0
7.3360852E7	1.0
7.3367628E7	1.0
7.3470188E7	1.0
7.3493784E7	1.0
7.359696E7	1.0
7.3597256E7	1.0
7.3660024E7	1.0
7.3800508E7	1.0
7.3832318E7	1.0
7.4006844E7	1.0
7.4120812E7	1.0
7.4140004E7	1.0
7.4246852E7	1.0
7.4293106E7	1.0
7.4345022E7	1.0
7.435592E7	1.0
7.439892E7	1.0
7.4448724E7	1.0
7.4548908E7	1.0
7.4653566E7	1.0
7.4668062E7	1.0
7.4976642E7	1.0
7.5438296E7	1.0
7.545658E7	1.0
7.551662E7	1.0
7.5721566E7	1.0
7.5994668E7	1.0
7.6122914E7	1.0
7.6319646E7	1.0
7.6328544E7	1.0
7.6652278E7	1.0
7.6767466E7	1.0
7.7236752E7	1.0
7.7292374E7	1.0
7.7338472E7	1.0
7.7349732E7	1.0
7.7351496E7	1.0
7.7369448E7	1.0
7.761457E7	1.0
7.769738E7	1.0
7.8190356E7	1.0
7.8338428E7	1.0
7.8419492E7	1.0
7.8439334E7	1.0
7.8542858E7	1.0
7.855116E7	1.0
7.8554502E7	1.0
7.8562226E7	1.0
7.8630312E7	1.0
7.8729348E7	1.0
7.8895644E7	1.0
7.8919898E7	1.0
7.8942504E7	1.0
7.9388902E7	1.0
7.9503734E7	1.0
7.9725582E7	1.0
7.9806588E7	1.0
7.9807568E7	1.0
7.9987204E7	1.0
8.0032488E7	1.0
8.0084876E7	1.0
8.0131984E7	1.0
8.0280236E7	1.0
8.0380004E7	1.0
8.0517474E7	1.0
8.0575534E7	1.0
8.0596348E7	1.0
8.0756942E7	1.0
8.082078E7	1.0
8.0895972E7	1.0
8.0946942E7	1.0
8.0991314E7	1.0
8.1128148E7	1.0
8.1135976E7	1.0
8.1360238E7	1.0
8.142123E7	1.0
8.1426464E7	1.0
8.1472548E7	1.0
8.1875296E7	1.0
8.2046372E7	1.0
8.217151E7	1.0
8.2204486E7	1.0
8.2253364E7	1.0
8.239938E7	1.0
8.274765E7	1.0
8.2811292E7	1.0
8.2844584E7	1.0
8.290359E7	1.0
8.3108628E7	1.0
8.3671198E7	1.0
8.3748684E7	1.0
8.377872E7	1.0
8.4043232E7	1.0
8.4048864E7	1.0
8.4193952E7	1.0
8.4393806E7	1.0
8.4449254E7	1.0
8.4462554E7	1.0
8.4579102E7	1.0
8.4604416E7	1.0
8.4636104E7	1.0
8.4636448E7	1.0
8.4639616E7	1.0
8.489342E7	1.0
8.5187668E7	1.0
8.520865E7	1.0
8.5251274E7	1.0
8.5254366E7	1.0
8.5291034E7	1.0
8.5348276E7	1.0
8.5578672E7	1.0
8.5685996E7	1.0
8.588729E7	1.0
8.6009186E7	1.0
8.6184958E7	1.0
8.6385762E7	1.0
8.67312E7	1.0
8.7142598E7	1.0
8.7154334E7	1.0
8.72199E7	1.0
8.7322622E7	1.0
8.7452676E7	1.0
8.751236E7	1.0
8.7879374E7	1.0
8.884589E7	1.0
8.9215454E7	1.0
8.9363264E7	1.0
8.9490722E7	1.0
8.9633238E7	1.0
8.9796708E7	1.0
8.9967632E7	1.0
8.9979288E7	1.0
9.0348848E7	1.0
9.043237E7	1.0
9.0529134E7	1.0
9.0530686E7	1.0
9.055369E7	1.0
9.0579766E7	1.0
9.0623506E7	1.0
9.0806134E7	1.0
9.088143E7	1.0
9.0895806E7	1.0
9.1038456E7	1.0
9.1359396E7	1.0
9.1469578E7	1.0
9.1470054E7	1.0
9.1556488E7	1.0
9.1586068E7	1.0
9.1907806E7	1.0
9.19847E7	1.0
9.2022298E7	1.0
9.2233216E7	1.0
9.234617E7	1.0
9.2378912E7	1.0
9.24574E7	1.0
9.2595624E7	1.0
9.2846294E7	1.0
9.2861526E7	1.0
9.2929174E7	1.0
9.300916E7	1.0
9.3239182E7	1.0
9.3389576E7	1.0
9.3448198E7	1.0
9.357026E7	1.0
9.3789618E7	1.0
9.4358424E7	1.0
9.4791246E7	1.0
9.546069E7	1.0
9.5594946E7	1.0
9.5683648E7	1.0
9.5691448E7	1.0
9.5780734E7	1.0
9.5952474E7	1.0
9.6064096E7	1.0
9.609931E7	1.0
9.6307338E7	1.0
9.6418566E7	1.0
9.667751E7	1.0
9.6695596E7	1.0
9.6752582E7	1.0
9.6943132E7	1.0
9.7006452E7	1.0
9.7181848E7	1.0
9.7238034E7	1.0
9.728682E7	1.0
9.7326334E7	1.0
9.7342444E7	1.0
9.7350822E7	1.0
9.7351742E7	1.0
9.7647792E7	1.0
9.782865E7	1.0
9.7839202E7	1.0
9.8063514E7	1.0
9.8147402E7	1.0
9.8174818E7	1.0
9.840612E7	1.0
9.8489002E7	1.0
9.8908836E7	1.0
9.899666E7	1.0
9.9018062E7	1.0
9.9115544E7	1.0
9.9280046E7	1.0
9.9289186E7	1.0
9.941902E7	1.0
1.00113442E8	1.0
1.00146946E8	1.0
1.0029889E8	1.0
1.00358116E8	1.0
1.0039311E8	1.0
1.0046092E8	1.0
1.00492954E8	1.0
1.00713674E8	1.0
1.01242576E8	1.0
1.01494786E8	1.0
1.0161453E8	1.0
1.01770776E8	1.0
1.01831536E8	1.0
1.02328734E8	1.0
1.02398554E8	1.0
1.02447698E8	1.0
1.02483162E8	1.0
1.02696914E8	1.0
1.02735802E8	1.0
1.02902558E8	1.0
1.032087E8	1.0
1.03380862E8	1.0
1.03425346E8	1.0
1.03487032E8	1.0
1.03956224E8	1.0
1.04054556E8	1.0
1.04080024E8	1.0
1.043567E8	1.0
1.04397284E8	1.0
1.04503534E8	1.0
1.04652046E8	1.0
1.04892378E8	1.0
1.05115494E8	1.0
1.05145152E8	1.0
1.05172154E8	1.0
1.0526652E8	1.0
1.05303826E8	1.0
1.05560768E8	1.0
1.05788758E8	1.0
1.05835646E8	1.0
1.06319574E8	1.0
1.06459122E8	1.0
1.06687204E8	1.0
1.06809608E8	1.0
1.06811068E8	1.0
1.0719508E8	1.0
1.07597424E8	1.0
1.0788104E8	1.0
1.08254982E8	1.0
1.09019394E8	1.0
1.09055992E8	1.0
1.09116162E8	1.0
1.09218824E8	1.0
1.09222502E8	1.0
1.09303652E8	1.0
1.0931597E8	1.0
1.09336088E8	1.0
1.09531524E8	1.0
1.09613616E8	1.0
1.09632464E8	1.0
1.09765694E8	1.0
1.09797898E8	1.0
1.1026958E8	1.0
1.1060733E8	1.0
1.10697798E8	1.0
1.1081502E8	1.0
1.11094578E8	1.0
1.11109952E8	1.0
1.1111685E8	1.0
1.11177866E8	1.0
1.11219626E8	1.0
1.1138028E8	1.0
1.11461978E8	1.0
1.11551586E8	1.0
1.11593734E8	1.0
1.11729964E8	1.0
1.11775514E8	1.0
1.11813142E8	1.0
1.11967858E8	1.0
1.12139394E8	1.0
1.1223225E8	1.0
1.12341964E8	1.0
1.1250413E8	1.0
1.12981326E8	1.0
1.13043446E8	1.0
1.13112106E8	1.0
1.132289E8	1.0
1.1345183E8	1.0
1.13640934E8	1.0
1.13726966E8	1.0
1.1387588E8	1.0
1.14021958E8	1.0
1.14046686E8	1.0
1.1436533E8	1.0
1.14621346E8	1.0
1.1494428E8	1.0
1.15219394E8	1.0
1.15251108E8	1.0
1.15877724E8	1.0
1.15885438E8	1.0
1.1599508E8	1.0
1.16203314E8	1.0
1.16372184E8	1.0
1.1684358E8	1.0
1.1688054E8	1.0
1.16936596E8	1.0
1.17163824E8	1.0
1.1725633E8	1.0
1.17484012E8	1.0
1.17688744E8	1.0
1.17784132E8	1.0
1.18033622E8	1.0
1.18294056E8	1.0
1.18649108E8	1.0
1.1881398E8	1.0
1.19021864E8	1.0
1.19086128E8	1.0
1.19178572E8	1.0
1.19254874E8	1.0
1.19388428E8	1.0
1.19906694E8	1.0
1.19936066E8	1.0
1.20183698E8	1.0
1.2029363E8	1.0
1.20401054E8	1.0
1.20462258E8	1.0
1.2046357E8	1.0
1.20621538E8	1.0
1.20814612E8	1.0
1.20930606E8	1.0
1.2114763E8	1.0
1.21286522E8	1.0
1.21517654E8	1.0
1.21580406E8	1.0
1.21740808E8	1.0
1.21958746E8	1.0
1.22129748E8	1.0
1.22357236E8	1.0
1.22404712E8	1.0
1.22452638E8	1.0
1.22459654E8	1.0
1.22499932E8	1.0
1.22507166E8	1.0
1.22514634E8	1.0
1.22640526E8	1.0
1.22927412E8	1.0
1.22943722E8	1.0
1.23000512E8	1.0
1.23007474E8	1.0
1.2303545E8	1.0
1.23265006E8	1.0
1.23308298E8	1.0
1.2354505E8	1.0
1.23618966E8	1.0
1.23678378E8	1.0
1.24139702E8	1.0
1.24279962E8	1.0
1.24671394E8	1.0
1.2496549E8	1.0
1.25428326E8	1.0
1.25675314E8	1.0
1.25799894E8	1.0
1.25889958E8	1.0
1.2598264E8	1.0
1.26426356E8	1.0
1.26544704E8	1.0
1.27063234E8	1.0
1.27300396E8	1.0
1.28009202E8	1.0
1.28334058E8	1.0
1.28555794E8	1.0
1.28707678E8	1.0
1.28933304E8	1.0
1.29108342E8	1.0
1.29230904E8	1.0
1.29440946E8	1.0
1.29444568E8	1.0
1.29445204E8	1.0
1.29730662E8	1.0
1.29819632E8	1.0
1.29827246E8	1.0
1.3010241E8	1.0
1.3019424E8	1.0
1.30751762E8	1.0
1.30834182E8	1.0
1.30896546E8	1.0
1.3178966E8	1.0
1.32131774E8	1.0
1.3248669E8	1.0
1.3250206E8	1.0
1.3256595E8	1.0
1.33004868E8	1.0
1.33047708E8	1.0
1.3306173E8	1.0
1.34351326E8	1.0
1.34501254E8	1.0
1.34810774E8	1.0
1.35500906E8	1.0
1.3557162E8	1.0
1.35948442E8	1.0
1.3597513E8	1.0
1.36371956E8	1.0
1.36936486E8	1.0
1.3698591E8	1.0
1.37074142E8	1.0
1.37126434E8	1.0
1.37498688E8	1.0
1.37499942E8	1.0
1.3775487E8	1.0
1.37759632E8	1.0
1.3778136E8	1.0
1.37802876E8	1.0
1.37891146E8	1.0
1.37906956E8	1.0
1.38093354E8	1.0
1.38203374E8	1.0
1.38346526E8	1.0
1.38499976E8	1.0
1.38569956E8	1.0
1.38648116E8	1.0
1.38796862E8	1.0
1.3890077E8	1.0
1.3894315E8	1.0
1.39238306E8	1.0
1.39624372E8	1.0
1.39935996E8	1.0
1.39984378E8	1.0
1.4062919E8	1.0
1.40667326E8	1.0
1.41084718E8	1.0
1.41311302E8	1.0
1.41329236E8	1.0
1.41363242E8	1.0
1.41521874E8	1.0
1.41901494E8	1.0
1.42371432E8	1.0
1.42569424E8	1.0
1.42735386E8	1.0
1.43082182E8	1.0
1.43679574E8	1.0
1.4373103E8	1.0
1.44094694E8	1.0
1.44149754E8	1.0
1.44364538E8	1.0
1.4453811E8	1.0
1.45010204E8	1.0
1.45728788E8	1.0
1.45813168E8	1.0
1.45900804E8	1.0
1.45958382E8	1.0
1.46081636E8	1.0
1.47172952E8	1.0
1.4736432E8	1.0
1.47741274E8	1.0
1.48268864E8	1.0
1.48495158E8	1.0
1.48871144E8	1.0
1.49015652E8	1.0
1.492948E8	1.0
1.493267E8	1.0
1.49451244E8	1.0
1.4969506E8	1.0
1.49717536E8	1.0
1.49778756E8	1.0
1.50099482E8	1.0
1.5016802E8	1.0
1.50361736E8	1.0
1.50454456E8	1.0
1.50831638E8	1.0
1.50875546E8	1.0
1.5117804E8	1.0
1.51185554E8	1.0
1.51562262E8	1.0
1.51811476E8	1.0
1.51862786E8	1.0
1.51987726E8	1.0
1.52291748E8	1.0
1.52345008E8	1.0
1.52372672E8	1.0
1.52402504E8	1.0
1.52687926E8	1.0
1.529637E8	1.0
1.5298999E8	1.0
1.5316392E8	1.0
1.53256986E8	1.0
1.53285194E8	1.0
1.5350622E8	1.0
1.53589712E8	1.0
1.53952946E8	1.0
1.54239712E8	1.0
1.54568612E8	1.0
1.54572558E8	1.0
1.547286E8	1.0
1.55165962E8	1.0
1.55544274E8	1.0
1.5568729E8	1.0
1.55758876E8	1.0
1.55766864E8	1.0
1.55861692E8	1.0
1.5592099E8	1.0
1.55992826E8	1.0
1.55995608E8	1.0
1.5631142E8	1.0
1.56355466E8	1.0
1.56494308E8	1.0
1.5745448E8	1.0
1.58128752E8	1.0
1.58268886E8	1.0
1.59761746E8	1.0
1.60036906E8	1.0
1.60303172E8	1.0
1.60389408E8	1.0
1.60672118E8	1.0
1.61263164E8	1.0
1.62765642E8	1.0
1.62841906E8	1.0
1.63889172E8	1.0
1.63958766E8	1.0
1.6420313E8	1.0
1.65002832E8	1.0
1.6501461E8	1.0
1.65342822E8	1.0
1.6564884E8	1.0
1.65733616E8	1.0
1.65749762E8	1.0
1.6609442E8	1.0
1.66124008E8	1.0
1.66133684E8	1.0
1.66309212E8	1.0
1.66378788E8	1.0
1.66403542E8	1.0
1.66736754E8	1.0
1.66874338E8	1.0
1.67046936E8	1.0
1.67106344E8	1.0
1.67384034E8	1.0
1.6765969E8	1.0
1.6823992E8	1.0
1.68375122E8	1.0
1.68548338E8	1.0
1.68756082E8	1.0
1.68983356E8	1.0
1.69460686E8	1.0
1.69496698E8	1.0
1.69651848E8	1.0
1.70047132E8	1.0
1.70324076E8	1.0
1.70643436E8	1.0
1.71017718E8	1.0
1.7169988E8	1.0
1.71922524E8	1.0
1.72008088E8	1.0
1.72439612E8	1.0
1.74021382E8	1.0
1.74066198E8	1.0
1.74609358E8	1.0
1.74621566E8	1.0
1.74695578E8	1.0
1.74809686E8	1.0
1.74916786E8	1.0
1.74987202E8	1.0
1.7510742E8	1.0
1.75398308E8	1.0
1.7549528E8	1.0
1.76934248E8	1.0
1.77192774E8	1.0
1.77568936E8	1.0
1.78051966E8	1.0
1.78747452E8	1.0
1.78766312E8	1.0
1.79077264E8	1.0
1.79209894E8	1.0
1.79324452E8	1.0
1.79438452E8	1.0
1.79725124E8	1.0
1.79779038E8	1.0
1.79796924E8	1.0
1.79921984E8	1.0
1.8019113E8	1.0
1.80268936E8	1.0
1.80310024E8	1.0
1.81302404E8	1.0
1.82710232E8	1.0
1.83203076E8	1.0
1.84222858E8	1.0
1.8455671E8	1.0
1.84582732E8	1.0
1.84667614E8	1.0
1.8524283E8	1.0
1.85380152E8	1.0
1.85563126E8	1.0
1.8654625E8	1.0
1.86813534E8	1.0
1.86823718E8	1.0
1.86865484E8	1.0
1.87028012E8	1.0
1.87887962E8	1.0
1.88231612E8	1.0
1.88401816E8	1.0
1.88563232E8	1.0
1.88968854E8	1.0
1.89232338E8	1.0
1.8937074E8	1.0
1.89402062E8	1.0
1.89636514E8	1.0
1.90240166E8	1.0
1.90741636E8	1.0
1.90832608E8	1.0
1.91166218E8	1.0
1.91690692E8	1.0
1.92001944E8	1.0
1.92103942E8	1.0
1.92288606E8	1.0
1.92478468E8	1.0
1.92952926E8	1.0
1.9341843E8	1.0
1.93679412E8	1.0
1.94734902E8	1.0
1.94744088E8	1.0
1.94846388E8	1.0
1.95028862E8	1.0
1.96617894E8	1.0
1.97434246E8	1.0
1.9775599E8	1.0
1.98087148E8	1.0
1.98118408E8	1.0
1.98659734E8	1.0
1.99090998E8	1.0
1.99107422E8	1.0
1.99215606E8	1.0
1.9930623E8	1.0
1.99778176E8	1.0
2.00198298E8	1.0
2.00941434E8	1.0
2.01293028E8	1.0
2.01382756E8	1.0
2.01473932E8	1.0
2.01490672E8	1.0
2.01855242E8	1.0
2.01880418E8	1.0
2.02019884E8	1.0
2.02492666E8	1.0
2.02514906E8	1.0
2.02758754E8	1.0
2.02865528E8	1.0
2.02889206E8	1.0
2.0290673E8	1.0
2.03248954E8	1.0
2.03280796E8	1.0
2.03371052E8	1.0
2.03654856E8	1.0
2.03673738E8	1.0
2.04078304E8	1.0
2.04143126E8	1.0
2.0443228E8	1.0
2.04860474E8	1.0
2.0541105E8	1.0
2.05451362E8	1.0
2.06138424E8	1.0
2.06245036E8	1.0
2.06320418E8	1.0
2.06411336E8	1.0
2.06830692E8	1.0
2.07094434E8	1.0
2.07783074E8	1.0
2.08150604E8	1.0
2.08250788E8	1.0
2.0851814E8	1.0
2.08885574E8	1.0
2.09251866E8	1.0
2.09713082E8	1.0
2.11467816E8	1.0
2.11471982E8	1.0
2.11564584E8	1.0
2.11849704E8	1.0
2.11966478E8	1.0
2.12104392E8	1.0
2.12308608E8	1.0
2.12326786E8	1.0
2.15561364E8	1.0
2.1657159E8	1.0
2.16790746E8	1.0
2.16930418E8	1.0
2.17154248E8	1.0
2.17356618E8	1.0
2.18171548E8	1.0
2.18521276E8	1.0
2.19154938E8	1.0
2.19558694E8	1.0
2.19632164E8	1.0
2.20208058E8	1.0
2.2027455E8	1.0
2.20322968E8	1.0
2.20742956E8	1.0
2.21060148E8	1.0
2.23424954E8	1.0
2.25129212E8	1.0
2.25144906E8	1.0
2.25181024E8	1.0
2.25494932E8	1.0
2.2590722E8	1.0
2.26110552E8	1.0
2.26112198E8	1.0
2.26189728E8	1.0
2.26236776E8	1.0
2.27133682E8	1.0
2.27169316E8	1.0
2.27331886E8	1.0
2.27485476E8	1.0
2.27547128E8	1.0
2.28026974E8	1.0
2.28914826E8	1.0
2.2912119E8	1.0
2.29156756E8	1.0
2.29354494E8	1.0
2.29732436E8	1.0
2.31052386E8	1.0
2.3247833E8	1.0
2.32690818E8	1.0
2.33012782E8	1.0
2.34859192E8	1.0
2.34863552E8	1.0
2.3558428E8	1.0
2.35675676E8	1.0
2.3567947E8	1.0
2.36201626E8	1.0
2.3691013E8	1.0
2.37339702E8	1.0
2.37753362E8	1.0
2.38550978E8	1.0
2.40407792E8	1.0
2.41224944E8	1.0
2.41581268E8	1.0
2.41981106E8	1.0
2.43187842E8	1.0
2.46113448E8	1.0
2.47463102E8	1.0
2.47847226E8	1.0
2.48250988E8	1.0
2.48797976E8	1.0
2.49129264E8	1.0
2.49755938E8	1.0
2.50830138E8	1.0
2.5162109E8	1.0
2.51854614E8	1.0
2.52093926E8	1.0
2.52560882E8	1.0
2.53871752E8	1.0
2.54457216E8	1.0
2.54811162E8	1.0
2.58652734E8	1.0
2.59654858E8	1.0
2.61362582E8	1.0
2.61574458E8	1.0
2.61933956E8	1.0
2.62327396E8	1.0
2.64083412E8	1.0
2.65668406E8	1.0
2.66633416E8	1.0
2.670038E8	1.0
2.6738741E8	1.0
2.69229012E8	1.0
2.69478344E8	1.0
2.70349948E8	1.0
2.70719626E8	1.0
2.70807414E8	1.0
2.71842264E8	1.0
2.71867166E8	1.0
2.72214192E8	1.0
2.72595452E8	1.0
2.73937522E8	1.0
2.74604786E8	1.0
2.75385192E8	1.0
2.75986882E8	1.0
2.76124834E8	1.0
2.76408636E8	1.0
2.76834192E8	1.0
2.76865146E8	1.0
2.77845768E8	1.0
2.78314044E8	1.0
2.78314102E8	1.0
2.78620334E8	1.0
2.79439954E8	1.0
2.79462646E8	1.0
2.7991272E8	1.0
2.79961602E8	1.0
2.8044682E8	1.0
2.82825304E8	1.0
2.8331501E8	1.0
2.86107042E8	1.0
2.88526276E8	1.0
2.88819442E8	1.0
2.89195292E8	1.0
2.89456158E8	1.0
2.8947766E8	1.0
2.89572216E8	1.0
2.8987171E8	1.0
2.89987134E8	1.0
2.90342504E8	1.0
2.91453842E8	1.0
2.91679368E8	1.0
2.91828158E8	1.0
2.91830936E8	1.0
2.91952028E8	1.0
2.94423242E8	1.0
2.94777124E8	1.0
2.94965944E8	1.0
2.96504368E8	1.0
2.97613232E8	1.0
2.98103624E8	1.0
2.9862362E8	1.0
2.98639264E8	1.0
2.98933734E8	1.0
2.99766918E8	1.0
2.99914348E8	1.0
3.021416E8	1.0
3.02232544E8	1.0
3.02555246E8	1.0
3.0423046E8	1.0
3.05802326E8	1.0
3.07775886E8	1.0
3.07817576E8	1.0
3.08567158E8	1.0
3.0986484E8	1.0
3.10541234E8	1.0
3.10743372E8	1.0
3.11391882E8	1.0
3.11572524E8	1.0
3.11892984E8	1.0
3.12352696E8	1.0
3.12804544E8	1.0
3.12902136E8	1.0
3.13082268E8	1.0
3.1314642E8	1.0
3.13334162E8	1.0
3.14423074E8	1.0
3.15124818E8	1.0
3.15752072E8	1.0
3.15837016E8	1.0
3.15878024E8	1.0
3.16445784E8	1.0
3.17269308E8	1.0
3.17417894E8	1.0
3.17639868E8	1.0
3.17997606E8	1.0
3.18321726E8	1.0
3.18340462E8	1.0
3.21204338E8	1.0
3.23666416E8	1.0
3.2479639E8	1.0
3.2554971E8	1.0
3.26534906E8	1.0
3.26984232E8	1.0
3.27052818E8	1.0
3.27058078E8	1.0
3.27868392E8	1.0
3.2801671E8	1.0
3.28563238E8	1.0
3.29065884E8	1.0
3.30216228E8	1.0
3.3198216E8	1.0
3.33075986E8	1.0
3.3315335E8	1.0
3.33358288E8	1.0
3.35023634E8	1.0
3.35919498E8	1.0
3.3671638E8	1.0
3.38803328E8	1.0
3.39029294E8	1.0
3.39513752E8	1.0
3.41660212E8	1.0
3.42350354E8	1.0
3.56286788E8	1.0
3.5686871E8	1.0
3.57402322E8	1.0
3.584793E8	1.0
3.60799008E8	1.0
3.62742956E8	1.0
3.62837696E8	1.0
3.62982544E8	1.0
3.64993346E8	1.0
3.65152472E8	1.0
3.65335466E8	1.0
3.65335762E8	1.0
3.6540247E8	1.0
3.65496414E8	1.0
3.65886284E8	1.0
3.66385842E8	1.0
3.67126972E8	1.0
3.67636004E8	1.0
3.69150402E8	1.0
3.69201962E8	1.0
3.70466164E8	1.0
3.7053119E8	1.0
3.7181025E8	1.0
3.72841334E8	1.0
3.76584304E8	1.0
3.77850114E8	1.0
3.8248577E8	1.0
3.83071468E8	1.0
3.83277674E8	1.0
3.92398474E8	1.0
3.9278395E8	1.0
3.92889998E8	1.0
3.93414512E8	1.0
3.9414436E8	1.0
3.94661966E8	1.0
3.95615012E8	1.0
3.96260798E8	1.0
4.03237302E8	1.0
4.03502482E8	1.0
4.04597586E8	1.0
4.08940268E8	1.0
4.0910422E8	1.0
4.09164972E8	1.0
4.10047558E8	1.0
4.10726624E8	1.0
4.12525174E8	1.0
4.13225092E8	1.0
4.15989178E8	1.0
4.16838504E8	1.0
4.18279788E8	1.0
4.1910481E8	1.0
4.19318872E8	1.0
4.19429262E8	1.0
4.19595886E8	1.0
4.2351898E8	1.0
4.24524174E8	1.0
4.24725726E8	1.0
4.25384096E8	1.0
4.25713166E8	1.0
4.26145282E8	1.0
4.29151228E8	1.0
4.3003443E8	1.0
4.30430356E8	1.0
4.3053678E8	1.0
4.31221406E8	1.0
4.31286686E8	1.0
4.313263E8	1.0
4.3234782E8	1.0
4.33067384E8	1.0
4.3591609E8	1.0
4.37674886E8	1.0
4.38410218E8	1.0
4.38417146E8	1.0
4.38464586E8	1.0
4.3972099E8	1.0
4.40754514E8	1.0
4.44776286E8	1.0
4.4505107E8	1.0
4.47531112E8	1.0
4.5172798E8	1.0
4.52345014E8	1.0
4.53877324E8	1.0
4.5490599E8	1.0
4.56969694E8	1.0
4.61498398E8	1.0
4.6575252E8	1.0
4.786178E8	1.0
4.79286112E8	1.0
4.81355568E8	1.0
4.84198184E8	1.0
5.00678568E8	1.0
5.07616868E8	1.0
5.07990446E8	1.0
5.088732E8	1.0
5.10687866E8	1.0
5.15910174E8	1.0
5.19267292E8	1.0
5.19357368E8	1.0
5.2753444E8	1.0
5.28037142E8	1.0
5.28395068E8	1.0
5.2871971E8	1.0
5.29089914E8	1.0
5.2961015E8	1.0
5.29828606E8	1.0
5.30191566E8	1.0
5.30770928E8	1.0
5.33132242E8	1.0
5.33510882E8	1.0
5.33553166E8	1.0
5.36575504E8	1.0
5.37238868E8	1.0
5.40685078E8	1.0
5.4093371E8	1.0
5.4164615E8	1.0
5.4356556E8	1.0
5.48973464E8	1.0
5.50717134E8	1.0
5.51013266E8	1.0
5.52218892E8	1.0
5.53129294E8	1.0
5.53292426E8	1.0
5.5334133E8	1.0
5.53695578E8	1.0
5.53834924E8	1.0
5.54080452E8	1.0
5.54555866E8	1.0
5.55275414E8	1.0
5.5530573E8	1.0
5.56349146E8	1.0
5.56542496E8	1.0
5.5656829E8	1.0
5.57478536E8	1.0
5.57521156E8	1.0
5.62216442E8	1.0
5.6243744E8	1.0
5.6289327E8	1.0
5.63392606E8	1.0
5.64043406E8	1.0
5.644802E8	1.0
5.649929E8	1.0
5.65102774E8	1.0
5.65563718E8	1.0
5.65645052E8	1.0
5.65691348E8	1.0
5.6597133E8	1.0
5.66541212E8	1.0
5.66842486E8	1.0
5.6708795E8	1.0
5.68284558E8	1.0
5.6847448E8	1.0
5.68612828E8	1.0
5.71178728E8	1.0
5.76622304E8	1.0
5.79589068E8	1.0
5.80930758E8	1.0
5.8269355E8	1.0
5.82758242E8	1.0
5.83284078E8	1.0
5.83777254E8	1.0
5.8522046E8	1.0
5.86442492E8	1.0
5.87608812E8	1.0
5.87908154E8	1.0
5.9182059E8	1.0
5.9255685E8	1.0
5.9492052E8	1.0
5.9560913E8	1.0
5.96760146E8	1.0
5.97714284E8	1.0
5.97847804E8	1.0
6.08094834E8	1.0
6.0849699E8	1.0
6.09047592E8	1.0
6.10742192E8	1.0
6.1078777E8	1.0
6.11716248E8	1.0
6.11986214E8	1.0
6.12074538E8	1.0
6.12206554E8	1.0
6.12226094E8	1.0
6.12269388E8	1.0
6.12330668E8	1.0
6.12451596E8	1.0
6.12454834E8	1.0
6.21420782E8	1.0
6.22008948E8	1.0
6.44943952E8	1.0
6.57425508E8	1.0
6.764161E8	1.0
6.88641396E8	1.0
6.8883656E8	1.0
6.89500924E8	1.0
6.89685542E8	1.0
6.897244E8	1.0
6.89904874E8	1.0
6.89929934E8	1.0
6.90273986E8	1.0
6.90310578E8	1.0
6.90915746E8	1.0
6.91089178E8	1.0
6.92980082E8	1.0
7.11342866E8	1.0
7.23949142E8	1.0
7.61835764E8	1.0
7.71974602E8	1.0
7.87215378E8	1.0
7.8780126E8	1.0
8.00053086E8	1.0
8.17349342E8	1.0
8.23365006E8	1.0
8.57542938E8	1.0
1.201484736E9	1.0
1.202430146E9	1.0
1.295835372E9	1.0
1.296688362E9	1.0
1.34710952E9	1.0
1.347657146E9	1.0
1.36281575E9	1.0
1.363266564E9	1.0
1.36365397E9	1.0
1.437566606E9	1.0
1.446761264E9	1.0
1.461801826E9	1.0
1.462645192E9	1.0
1.628032026E9	1.0
1.628988662E9	1.0
1.629601662E9	1.0
1.638225808E9	1.0
1.63838394E9	1.0
1.639764188E9	1.0
1.764397092E9	1.0
1.801923754E9	1.0
1.803377514E9	1.0
1.803870154E9	1.0
1.804370588E9	1.0
1.80663713E9	1.0
1.940463934E9	1.0
1.940635932E9	1.0
1.940683428E9	1.0
1.940715682E9	1.0
